0,3.5605e+05,-1.4482e-08,0
1,3.5605e+05,-19.478,0
2,3.5605e+05,-38.956,0
3,3.5605e+05,-58.434,0
4,3.5605e+05,-77.912,0
5,3.5605e+05,-97.39,0
6,3.5605e+05,-116.87,0
7,3.5605e+05,-136.35,0
8,3.5605e+05,-155.82,0
9,3.5605e+05,-175.3,0
10,3.5605e+05,-194.78,0
11,3.5605e+05,-214.26,0
12,3.5605e+05,-233.73,0
13,3.5605e+05,-253.21,0
14,3.5605e+05,-272.69,0
15,3.5605e+05,-292.17,0
16,3.5605e+05,-311.64,0
17,3.5605e+05,-331.12,0
18,3.5605e+05,-350.6,0
19,3.5605e+05,-370.07,0
20,3.5605e+05,-389.55,0
21,3.5605e+05,-409.02,0
22,3.5605e+05,-428.5,0
23,3.5605e+05,-447.97,0
24,3.5605e+05,-467.45,0
25,3.5606e+05,-486.92,0
26,3.5606e+05,-506.4,0
27,3.5606e+05,-525.87,0
28,3.5606e+05,-545.35,0
29,3.5606e+05,-564.82,0
30,3.5606e+05,-584.29,0
31,3.5606e+05,-603.77,0
32,3.5606e+05,-623.24,0
33,3.5606e+05,-642.71,0
34,3.5606e+05,-662.19,0
35,3.5606e+05,-681.66,0
36,3.5606e+05,-701.13,0
37,3.5606e+05,-720.6,0
38,3.5606e+05,-740.07,0
39,3.5606e+05,-759.54,0
40,3.5606e+05,-779.01,0
41,3.5606e+05,-798.48,0
42,3.5606e+05,-817.95,0
43,3.5606e+05,-837.42,0
44,3.5606e+05,-856.89,0
45,3.5606e+05,-876.35,0
46,3.5606e+05,-895.82,0
47,3.5607e+05,-915.29,0
48,3.5607e+05,-934.75,0
49,3.5607e+05,-954.22,0
50,3.5607e+05,-973.68,0
51,3.5607e+05,-993.15,0
52,3.5607e+05,-1012.6,0
53,3.5607e+05,-1032.1,0
54,3.5607e+05,-1051.5,0
55,3.5607e+05,-1071,0
56,3.5607e+05,-1090.5,0
57,3.5607e+05,-1109.9,0
58,3.5607e+05,-1129.4,0
59,3.5607e+05,-1148.8,0
60,3.5607e+05,-1168.3,0
61,3.5607e+05,-1187.8,0
62,3.5608e+05,-1207.2,0
63,3.5608e+05,-1226.7,0
64,3.5608e+05,-1246.1,0
65,3.5608e+05,-1265.6,0
66,3.5608e+05,-1285,0
67,3.5608e+05,-1304.5,0
68,3.5608e+05,-1324,0
69,3.5608e+05,-1343.4,0
70,3.5608e+05,-1362.9,0
71,3.5608e+05,-1382.3,0
72,3.5608e+05,-1401.8,0
73,3.5609e+05,-1421.2,0
74,3.5609e+05,-1440.7,0
75,3.5609e+05,-1460.1,0
76,3.5609e+05,-1479.6,0
77,3.5609e+05,-1499,0
78,3.5609e+05,-1518.5,0
79,3.5609e+05,-1537.9,0
80,3.5609e+05,-1557.3,0
81,3.5609e+05,-1576.8,0
82,3.5609e+05,-1596.2,0
83,3.561e+05,-1615.7,0
84,3.561e+05,-1635.1,0
85,3.561e+05,-1654.6,0
86,3.561e+05,-1674,0
87,3.561e+05,-1693.4,0
88,3.561e+05,-1712.9,0
89,3.561e+05,-1732.3,0
90,3.561e+05,-1751.7,0
91,3.561e+05,-1771.2,0
92,3.5611e+05,-1790.6,0
93,3.5611e+05,-1810,0
94,3.5611e+05,-1829.5,0
95,3.5611e+05,-1848.9,0
96,3.5611e+05,-1868.3,0
97,3.5611e+05,-1887.8,0
98,3.5611e+05,-1907.2,0
99,3.5611e+05,-1926.6,0
100,3.5611e+05,-1946,0
101,3.5612e+05,-1965.5,0
102,3.5612e+05,-1984.9,0
103,3.5612e+05,-2004.3,0
104,3.5612e+05,-2023.7,0
105,3.5612e+05,-2043.2,0
106,3.5612e+05,-2062.6,0
107,3.5612e+05,-2082,0
108,3.5613e+05,-2101.4,0
109,3.5613e+05,-2120.8,0
110,3.5613e+05,-2140.2,0
111,3.5613e+05,-2159.7,0
112,3.5613e+05,-2179.1,0
113,3.5613e+05,-2198.5,0
114,3.5613e+05,-2217.9,0
115,3.5614e+05,-2237.3,0
116,3.5614e+05,-2256.7,0
117,3.5614e+05,-2276.1,0
118,3.5614e+05,-2295.5,0
119,3.5614e+05,-2314.9,0
120,3.5614e+05,-2334.3,0
121,3.5614e+05,-2353.7,0
122,3.5615e+05,-2373.1,0
123,3.5615e+05,-2392.5,0
124,3.5615e+05,-2411.9,0
125,3.5615e+05,-2431.3,0
126,3.5615e+05,-2450.7,0
127,3.5615e+05,-2470.1,0
128,3.5616e+05,-2489.5,0
129,3.5616e+05,-2508.9,0
130,3.5616e+05,-2528.3,0
131,3.5616e+05,-2547.7,0
132,3.5616e+05,-2567,0
133,3.5616e+05,-2586.4,0
134,3.5617e+05,-2605.8,0
135,3.5617e+05,-2625.2,0
136,3.5617e+05,-2644.6,0
137,3.5617e+05,-2664,0
138,3.5617e+05,-2683.3,0
139,3.5617e+05,-2702.7,0
140,3.5618e+05,-2722.1,0
141,3.5618e+05,-2741.5,0
142,3.5618e+05,-2760.8,0
143,3.5618e+05,-2780.2,0
144,3.5618e+05,-2799.6,0
145,3.5619e+05,-2818.9,0
146,3.5619e+05,-2838.3,0
147,3.5619e+05,-2857.7,0
148,3.5619e+05,-2877,0
149,3.5619e+05,-2896.4,0
150,3.5619e+05,-2915.8,0
151,3.562e+05,-2935.1,0
152,3.562e+05,-2954.5,0
153,3.562e+05,-2973.8,0
154,3.562e+05,-2993.2,0
155,3.562e+05,-3012.5,0
156,3.5621e+05,-3031.9,0
157,3.5621e+05,-3051.2,0
158,3.5621e+05,-3070.6,0
159,3.5621e+05,-3089.9,0
160,3.5621e+05,-3109.3,0
161,3.5622e+05,-3128.6,0
162,3.5622e+05,-3147.9,0
163,3.5622e+05,-3167.3,0
164,3.5622e+05,-3186.6,0
165,3.5622e+05,-3206,0
166,3.5623e+05,-3225.3,0
167,3.5623e+05,-3244.6,0
168,3.5623e+05,-3263.9,0
169,3.5623e+05,-3283.3,0
170,3.5624e+05,-3302.6,0
171,3.5624e+05,-3321.9,0
172,3.5624e+05,-3341.2,0
173,3.5624e+05,-3360.6,0
174,3.5624e+05,-3379.9,0
175,3.5625e+05,-3399.2,0
176,3.5625e+05,-3418.5,0
177,3.5625e+05,-3437.8,0
178,3.5625e+05,-3457.1,0
179,3.5626e+05,-3476.5,0
180,3.5626e+05,-3495.8,0
181,3.5626e+05,-3515.1,0
182,3.5626e+05,-3534.4,0
183,3.5626e+05,-3553.7,0
184,3.5627e+05,-3573,0
185,3.5627e+05,-3592.3,0
186,3.5627e+05,-3611.6,0
187,3.5627e+05,-3630.9,0
188,3.5628e+05,-3650.2,0
189,3.5628e+05,-3669.4,0
190,3.5628e+05,-3688.7,0
191,3.5628e+05,-3708,0
192,3.5629e+05,-3727.3,0
193,3.5629e+05,-3746.6,0
194,3.5629e+05,-3765.9,0
195,3.5629e+05,-3785.1,0
196,3.563e+05,-3804.4,0
197,3.563e+05,-3823.7,0
198,3.563e+05,-3843,0
199,3.563e+05,-3862.2,0
200,3.5631e+05,-3881.5,0
201,3.5631e+05,-3900.8,0
202,3.5631e+05,-3920,0
203,3.5631e+05,-3939.3,0
204,3.5632e+05,-3958.5,0
205,3.5632e+05,-3977.8,0
206,3.5632e+05,-3997.1,0
207,3.5632e+05,-4016.3,0
208,3.5633e+05,-4035.6,0
209,3.5633e+05,-4054.8,0
210,3.5633e+05,-4074.1,0
211,3.5633e+05,-4093.3,0
212,3.5634e+05,-4112.5,0
213,3.5634e+05,-4131.8,0
214,3.5634e+05,-4151,0
215,3.5635e+05,-4170.3,0
216,3.5635e+05,-4189.5,0
217,3.5635e+05,-4208.7,0
218,3.5635e+05,-4227.9,0
219,3.5636e+05,-4247.2,0
220,3.5636e+05,-4266.4,0
221,3.5636e+05,-4285.6,0
222,3.5636e+05,-4304.8,0
223,3.5637e+05,-4324,0
224,3.5637e+05,-4343.3,0
225,3.5637e+05,-4362.5,0
226,3.5638e+05,-4381.7,0
227,3.5638e+05,-4400.9,0
228,3.5638e+05,-4420.1,0
229,3.5638e+05,-4439.3,0
230,3.5639e+05,-4458.5,0
231,3.5639e+05,-4477.7,0
232,3.5639e+05,-4496.9,0
233,3.564e+05,-4516.1,0
234,3.564e+05,-4535.3,0
235,3.564e+05,-4554.5,0
236,3.5641e+05,-4573.6,0
237,3.5641e+05,-4592.8,0
238,3.5641e+05,-4612,0
239,3.5641e+05,-4631.2,0
240,3.5642e+05,-4650.4,0
241,3.5642e+05,-4669.5,0
242,3.5642e+05,-4688.7,0
243,3.5643e+05,-4707.9,0
244,3.5643e+05,-4727,0
245,3.5643e+05,-4746.2,0
246,3.5644e+05,-4765.4,0
247,3.5644e+05,-4784.5,0
248,3.5644e+05,-4803.7,0
249,3.5645e+05,-4822.8,0
250,3.5645e+05,-4842,0
251,3.5645e+05,-4861.1,0
252,3.5645e+05,-4880.3,0
253,3.5646e+05,-4899.4,0
254,3.5646e+05,-4918.5,0
255,3.5646e+05,-4937.7,0
256,3.5647e+05,-4956.8,0
257,3.5647e+05,-4975.9,0
258,3.5647e+05,-4995.1,0
259,3.5648e+05,-5014.2,0
260,3.5648e+05,-5033.3,0
261,3.5648e+05,-5052.4,0
262,3.5649e+05,-5071.6,0
263,3.5649e+05,-5090.7,0
264,3.5649e+05,-5109.8,0
265,3.565e+05,-5128.9,0
266,3.565e+05,-5148,0
267,3.565e+05,-5167.1,0
268,3.5651e+05,-5186.2,0
269,3.5651e+05,-5205.3,0
270,3.5651e+05,-5224.4,0
271,3.5652e+05,-5243.5,0
272,3.5652e+05,-5262.6,0
273,3.5652e+05,-5281.7,0
274,3.5653e+05,-5300.7,0
275,3.5653e+05,-5319.8,0
276,3.5653e+05,-5338.9,0
277,3.5654e+05,-5358,0
278,3.5654e+05,-5377,0
279,3.5655e+05,-5396.1,0
280,3.5655e+05,-5415.2,0
281,3.5655e+05,-5434.2,0
282,3.5656e+05,-5453.3,0
283,3.5656e+05,-5472.4,0
284,3.5656e+05,-5491.4,0
285,3.5657e+05,-5510.5,0
286,3.5657e+05,-5529.5,0
287,3.5657e+05,-5548.6,0
288,3.5658e+05,-5567.6,0
289,3.5658e+05,-5586.6,0
290,3.5658e+05,-5605.7,0
291,3.5659e+05,-5624.7,0
292,3.5659e+05,-5643.7,0
293,3.566e+05,-5662.8,0
294,3.566e+05,-5681.8,0
295,3.566e+05,-5700.8,0
296,3.5661e+05,-5719.8,0
297,3.5661e+05,-5738.8,0
298,3.5661e+05,-5757.9,0
299,3.5662e+05,-5776.9,0
300,3.5662e+05,-5795.9,0
301,3.5663e+05,-5814.9,0
302,3.5663e+05,-5833.9,0
303,3.5663e+05,-5852.9,0
304,3.5664e+05,-5871.9,0
305,3.5664e+05,-5890.9,0
306,3.5665e+05,-5909.8,0
307,3.5665e+05,-5928.8,0
308,3.5665e+05,-5947.8,0
309,3.5666e+05,-5966.8,0
310,3.5666e+05,-5985.8,0
311,3.5666e+05,-6004.7,0
312,3.5667e+05,-6023.7,0
313,3.5667e+05,-6042.7,0
314,3.5668e+05,-6061.6,0
315,3.5668e+05,-6080.6,0
316,3.5668e+05,-6099.5,0
317,3.5669e+05,-6118.5,0
318,3.5669e+05,-6137.4,0
319,3.567e+05,-6156.4,0
320,3.567e+05,-6175.3,0
321,3.567e+05,-6194.2,0
322,3.5671e+05,-6213.2,0
323,3.5671e+05,-6232.1,0
324,3.5672e+05,-6251,0
325,3.5672e+05,-6270,0
326,3.5673e+05,-6288.9,0
327,3.5673e+05,-6307.8,0
328,3.5673e+05,-6326.7,0
329,3.5674e+05,-6345.6,0
330,3.5674e+05,-6364.5,0
331,3.5675e+05,-6383.4,0
332,3.5675e+05,-6402.3,0
333,3.5675e+05,-6421.2,0
334,3.5676e+05,-6440.1,0
335,3.5676e+05,-6459,0
336,3.5677e+05,-6477.9,0
337,3.5677e+05,-6496.8,0
338,3.5678e+05,-6515.7,0
339,3.5678e+05,-6534.5,0
340,3.5678e+05,-6553.4,0
341,3.5679e+05,-6572.3,0
342,3.5679e+05,-6591.1,0
343,3.568e+05,-6610,0
344,3.568e+05,-6628.9,0
345,3.5681e+05,-6647.7,0
346,3.5681e+05,-6666.6,0
347,3.5681e+05,-6685.4,0
348,3.5682e+05,-6704.2,0
349,3.5682e+05,-6723.1,0
350,3.5683e+05,-6741.9,0
351,3.5683e+05,-6760.8,0
352,3.5684e+05,-6779.6,0
353,3.5684e+05,-6798.4,0
354,3.5685e+05,-6817.2,0
355,3.5685e+05,-6836,0
356,3.5685e+05,-6854.9,0
357,3.5686e+05,-6873.7,0
358,3.5686e+05,-6892.5,0
359,3.5687e+05,-6911.3,0
360,3.5687e+05,-6930.1,0
361,3.5688e+05,-6948.9,0
362,3.5688e+05,-6967.7,0
363,3.5689e+05,-6986.4,0
364,3.5689e+05,-7005.2,0
365,3.5689e+05,-7024,0
366,3.569e+05,-7042.8,0
367,3.569e+05,-7061.6,0
368,3.5691e+05,-7080.3,0
369,3.5691e+05,-7099.1,0
370,3.5692e+05,-7117.9,0
371,3.5692e+05,-7136.6,0
372,3.5693e+05,-7155.4,0
373,3.5693e+05,-7174.1,0
374,3.5694e+05,-7192.9,0
375,3.5694e+05,-7211.6,0
376,3.5695e+05,-7230.3,0
377,3.5695e+05,-7249.1,0
378,3.5696e+05,-7267.8,0
379,3.5696e+05,-7286.5,0
380,3.5697e+05,-7305.3,0
381,3.5697e+05,-7324,0
382,3.5697e+05,-7342.7,0
383,3.5698e+05,-7361.4,0
384,3.5698e+05,-7380.1,0
385,3.5699e+05,-7398.8,0
386,3.5699e+05,-7417.5,0
387,3.57e+05,-7436.2,0
388,3.57e+05,-7454.9,0
389,3.5701e+05,-7473.6,0
390,3.5701e+05,-7492.3,0
391,3.5702e+05,-7510.9,0
392,3.5702e+05,-7529.6,0
393,3.5703e+05,-7548.3,0
394,3.5703e+05,-7566.9,0
395,3.5704e+05,-7585.6,0
396,3.5704e+05,-7604.3,0
397,3.5705e+05,-7622.9,0
398,3.5705e+05,-7641.6,0
399,3.5706e+05,-7660.2,0
400,3.5706e+05,-7678.8,0
401,3.5707e+05,-7697.5,0
402,3.5707e+05,-7716.1,0
403,3.5708e+05,-7734.7,0
404,3.5708e+05,-7753.4,0
405,3.5709e+05,-7772,0
406,3.5709e+05,-7790.6,0
407,3.571e+05,-7809.2,0
408,3.571e+05,-7827.8,0
409,3.5711e+05,-7846.4,0
410,3.5711e+05,-7865,0
411,3.5712e+05,-7883.6,0
412,3.5712e+05,-7902.2,0
413,3.5713e+05,-7920.8,0
414,3.5714e+05,-7939.4,0
415,3.5714e+05,-7958,0
416,3.5715e+05,-7976.5,0
417,3.5715e+05,-7995.1,0
418,3.5716e+05,-8013.7,0
419,3.5716e+05,-8032.2,0
420,3.5717e+05,-8050.8,0
421,3.5717e+05,-8069.3,0
422,3.5718e+05,-8087.9,0
423,3.5718e+05,-8106.4,0
424,3.5719e+05,-8125,0
425,3.5719e+05,-8143.5,0
426,3.572e+05,-8162,0
427,3.572e+05,-8180.5,0
428,3.5721e+05,-8199.1,0
429,3.5721e+05,-8217.6,0
430,3.5722e+05,-8236.1,0
431,3.5723e+05,-8254.6,0
432,3.5723e+05,-8273.1,0
433,3.5724e+05,-8291.6,0
434,3.5724e+05,-8310.1,0
435,3.5725e+05,-8328.6,0
436,3.5725e+05,-8347.1,0
437,3.5726e+05,-8365.6,0
438,3.5726e+05,-8384,0
439,3.5727e+05,-8402.5,0
440,3.5727e+05,-8421,0
441,3.5728e+05,-8439.4,0
442,3.5729e+05,-8457.9,0
443,3.5729e+05,-8476.3,0
444,3.573e+05,-8494.8,0
445,3.573e+05,-8513.2,0
446,3.5731e+05,-8531.7,0
447,3.5731e+05,-8550.1,0
448,3.5732e+05,-8568.5,0
449,3.5732e+05,-8587,0
450,3.5733e+05,-8605.4,0
451,3.5734e+05,-8623.8,0
452,3.5734e+05,-8642.2,0
453,3.5735e+05,-8660.6,0
454,3.5735e+05,-8679,0
455,3.5736e+05,-8697.4,0
456,3.5736e+05,-8715.8,0
457,3.5737e+05,-8734.2,0
458,3.5738e+05,-8752.6,0
459,3.5738e+05,-8771,0
460,3.5739e+05,-8789.4,0
461,3.5739e+05,-8807.7,0
462,3.574e+05,-8826.1,0
463,3.574e+05,-8844.4,0
464,3.5741e+05,-8862.8,0
465,3.5742e+05,-8881.2,0
466,3.5742e+05,-8899.5,0
467,3.5743e+05,-8917.8,0
468,3.5743e+05,-8936.2,0
469,3.5744e+05,-8954.5,0
470,3.5745e+05,-8972.8,0
471,3.5745e+05,-8991.2,0
472,3.5746e+05,-9009.5,0
473,3.5746e+05,-9027.8,0
474,3.5747e+05,-9046.1,0
475,3.5747e+05,-9064.4,0
476,3.5748e+05,-9082.7,0
477,3.5749e+05,-9101,0
478,3.5749e+05,-9119.3,0
479,3.575e+05,-9137.6,0
480,3.575e+05,-9155.8,0
481,3.5751e+05,-9174.1,0
482,3.5752e+05,-9192.4,0
483,3.5752e+05,-9210.6,0
484,3.5753e+05,-9228.9,0
485,3.5753e+05,-9247.1,0
486,3.5754e+05,-9265.4,0
487,3.5755e+05,-9283.6,0
488,3.5755e+05,-9301.9,0
489,3.5756e+05,-9320.1,0
490,3.5757e+05,-9338.3,0
491,3.5757e+05,-9356.6,0
492,3.5758e+05,-9374.8,0
493,3.5758e+05,-9393,0
494,3.5759e+05,-9411.2,0
495,3.576e+05,-9429.4,0
496,3.576e+05,-9447.6,0
497,3.5761e+05,-9465.8,0
498,3.5761e+05,-9484,0
499,3.5762e+05,-9502.2,0
500,3.5763e+05,-9520.3,0
501,3.5763e+05,-9538.5,0
502,3.5764e+05,-9556.7,0
503,3.5765e+05,-9574.8,0
504,3.5765e+05,-9593,0
505,3.5766e+05,-9611.2,0
506,3.5766e+05,-9629.3,0
507,3.5767e+05,-9647.4,0
508,3.5768e+05,-9665.6,0
509,3.5768e+05,-9683.7,0
510,3.5769e+05,-9701.8,0
511,3.577e+05,-9720,0
512,3.577e+05,-9738.1,0
513,3.5771e+05,-9756.2,0
514,3.5772e+05,-9774.3,0
515,3.5772e+05,-9792.4,0
516,3.5773e+05,-9810.5,0
517,3.5773e+05,-9828.6,0
518,3.5774e+05,-9846.6,0
519,3.5775e+05,-9864.7,0
520,3.5775e+05,-9882.8,0
521,3.5776e+05,-9900.9,0
522,3.5777e+05,-9918.9,0
523,3.5777e+05,-9937,0
524,3.5778e+05,-9955,0
525,3.5779e+05,-9973.1,0
526,3.5779e+05,-9991.1,0
527,3.578e+05,-10009,0
528,3.5781e+05,-10027,0
529,3.5781e+05,-10045,0
530,3.5782e+05,-10063,0
531,3.5783e+05,-10081,0
532,3.5783e+05,-10099,0
533,3.5784e+05,-10117,0
534,3.5785e+05,-10135,0
535,3.5785e+05,-10153,0
536,3.5786e+05,-10171,0
537,3.5787e+05,-10189,0
538,3.5787e+05,-10207,0
539,3.5788e+05,-10225,0
540,3.5789e+05,-10243,0
541,3.5789e+05,-10261,0
542,3.579e+05,-10279,0
543,3.5791e+05,-10297,0
544,3.5791e+05,-10315,0
545,3.5792e+05,-10333,0
546,3.5793e+05,-10351,0
547,3.5793e+05,-10369,0
548,3.5794e+05,-10387,0
549,3.5795e+05,-10405,0
550,3.5795e+05,-10422,0
551,3.5796e+05,-10440,0
552,3.5797e+05,-10458,0
553,3.5797e+05,-10476,0
554,3.5798e+05,-10494,0
555,3.5799e+05,-10512,0
556,3.58e+05,-10530,0
557,3.58e+05,-10548,0
558,3.5801e+05,-10566,0
559,3.5802e+05,-10583,0
560,3.5802e+05,-10601,0
561,3.5803e+05,-10619,0
562,3.5804e+05,-10637,0
563,3.5804e+05,-10655,0
564,3.5805e+05,-10673,0
565,3.5806e+05,-10690,0
566,3.5806e+05,-10708,0
567,3.5807e+05,-10726,0
568,3.5808e+05,-10744,0
569,3.5809e+05,-10762,0
570,3.5809e+05,-10779,0
571,3.581e+05,-10797,0
572,3.5811e+05,-10815,0
573,3.5811e+05,-10833,0
574,3.5812e+05,-10851,0
575,3.5813e+05,-10868,0
576,3.5814e+05,-10886,0
577,3.5814e+05,-10904,0
578,3.5815e+05,-10922,0
579,3.5816e+05,-10939,0
580,3.5816e+05,-10957,0
581,3.5817e+05,-10975,0
582,3.5818e+05,-10993,0
583,3.5819e+05,-11010,0
584,3.5819e+05,-11028,0
585,3.582e+05,-11046,0
586,3.5821e+05,-11063,0
587,3.5821e+05,-11081,0
588,3.5822e+05,-11099,0
589,3.5823e+05,-11116,0
590,3.5824e+05,-11134,0
591,3.5824e+05,-11152,0
592,3.5825e+05,-11169,0
593,3.5826e+05,-11187,0
594,3.5827e+05,-11205,0
595,3.5827e+05,-11222,0
596,3.5828e+05,-11240,0
597,3.5829e+05,-11258,0
598,3.583e+05,-11275,0
599,3.583e+05,-11293,0
600,3.5831e+05,-11311,0
601,3.5832e+05,-11328,0
602,3.5833e+05,-11346,0
603,3.5833e+05,-11363,0
604,3.5834e+05,-11381,0
605,3.5835e+05,-11399,0
606,3.5836e+05,-11416,0
607,3.5836e+05,-11434,0
608,3.5837e+05,-11451,0
609,3.5838e+05,-11469,0
610,3.5839e+05,-11486,0
611,3.5839e+05,-11504,0
612,3.584e+05,-11522,0
613,3.5841e+05,-11539,0
614,3.5842e+05,-11557,0
615,3.5842e+05,-11574,0
616,3.5843e+05,-11592,0
617,3.5844e+05,-11609,0
618,3.5845e+05,-11627,0
619,3.5845e+05,-11644,0
620,3.5846e+05,-11662,0
621,3.5847e+05,-11679,0
622,3.5848e+05,-11697,0
623,3.5848e+05,-11714,0
624,3.5849e+05,-11732,0
625,3.585e+05,-11749,0
626,3.5851e+05,-11767,0
627,3.5851e+05,-11784,0
628,3.5852e+05,-11801,0
629,3.5853e+05,-11819,0
630,3.5854e+05,-11836,0
631,3.5855e+05,-11854,0
632,3.5855e+05,-11871,0
633,3.5856e+05,-11889,0
634,3.5857e+05,-11906,0
635,3.5858e+05,-11923,0
636,3.5858e+05,-11941,0
637,3.5859e+05,-11958,0
638,3.586e+05,-11975,0
639,3.5861e+05,-11993,0
640,3.5862e+05,-12010,0
641,3.5862e+05,-12028,0
642,3.5863e+05,-12045,0
643,3.5864e+05,-12062,0
644,3.5865e+05,-12080,0
645,3.5866e+05,-12097,0
646,3.5866e+05,-12114,0
647,3.5867e+05,-12132,0
648,3.5868e+05,-12149,0
649,3.5869e+05,-12166,0
650,3.587e+05,-12184,0
651,3.587e+05,-12201,0
652,3.5871e+05,-12218,0
653,3.5872e+05,-12235,0
654,3.5873e+05,-12253,0
655,3.5874e+05,-12270,0
656,3.5874e+05,-12287,0
657,3.5875e+05,-12305,0
658,3.5876e+05,-12322,0
659,3.5877e+05,-12339,0
660,3.5878e+05,-12356,0
661,3.5878e+05,-12373,0
662,3.5879e+05,-12391,0
663,3.588e+05,-12408,0
664,3.5881e+05,-12425,0
665,3.5882e+05,-12442,0
666,3.5883e+05,-12460,0
667,3.5883e+05,-12477,0
668,3.5884e+05,-12494,0
669,3.5885e+05,-12511,0
670,3.5886e+05,-12528,0
671,3.5887e+05,-12545,0
672,3.5887e+05,-12563,0
673,3.5888e+05,-12580,0
674,3.5889e+05,-12597,0
675,3.589e+05,-12614,0
676,3.5891e+05,-12631,0
677,3.5892e+05,-12648,0
678,3.5892e+05,-12665,0
679,3.5893e+05,-12682,0
680,3.5894e+05,-12700,0
681,3.5895e+05,-12717,0
682,3.5896e+05,-12734,0
683,3.5897e+05,-12751,0
684,3.5897e+05,-12768,0
685,3.5898e+05,-12785,0
686,3.5899e+05,-12802,0
687,3.59e+05,-12819,0
688,3.5901e+05,-12836,0
689,3.5902e+05,-12853,0
690,3.5903e+05,-12870,0
691,3.5903e+05,-12887,0
692,3.5904e+05,-12904,0
693,3.5905e+05,-12921,0
694,3.5906e+05,-12938,0
695,3.5907e+05,-12955,0
696,3.5908e+05,-12972,0
697,3.5908e+05,-12989,0
698,3.5909e+05,-13006,0
699,3.591e+05,-13023,0
700,3.5911e+05,-13040,0
701,3.5912e+05,-13057,0
702,3.5913e+05,-13074,0
703,3.5914e+05,-13091,0
704,3.5914e+05,-13108,0
705,3.5915e+05,-13125,0
706,3.5916e+05,-13142,0
707,3.5917e+05,-13159,0
708,3.5918e+05,-13176,0
709,3.5919e+05,-13193,0
710,3.592e+05,-13209,0
711,3.5921e+05,-13226,0
712,3.5921e+05,-13243,0
713,3.5922e+05,-13260,0
714,3.5923e+05,-13277,0
715,3.5924e+05,-13294,0
716,3.5925e+05,-13311,0
717,3.5926e+05,-13328,0
718,3.5927e+05,-13344,0
719,3.5928e+05,-13361,0
720,3.5928e+05,-13378,0
721,3.5929e+05,-13395,0
722,3.593e+05,-13412,0
723,3.5931e+05,-13428,0
724,3.5932e+05,-13445,0
725,3.5933e+05,-13462,0
726,3.5934e+05,-13479,0
727,3.5935e+05,-13496,0
728,3.5935e+05,-13512,0
729,3.5936e+05,-13529,0
730,3.5937e+05,-13546,0
731,3.5938e+05,-13563,0
732,3.5939e+05,-13579,0
733,3.594e+05,-13596,0
734,3.5941e+05,-13613,0
735,3.5942e+05,-13630,0
736,3.5943e+05,-13646,0
737,3.5944e+05,-13663,0
738,3.5944e+05,-13680,0
739,3.5945e+05,-13696,0
740,3.5946e+05,-13713,0
741,3.5947e+05,-13730,0
742,3.5948e+05,-13746,0
743,3.5949e+05,-13763,0
744,3.595e+05,-13780,0
745,3.5951e+05,-13796,0
746,3.5952e+05,-13813,0
747,3.5953e+05,-13830,0
748,3.5953e+05,-13846,0
749,3.5954e+05,-13863,0
750,3.5955e+05,-13879,0
751,3.5956e+05,-13896,0
752,3.5957e+05,-13913,0
753,3.5958e+05,-13929,0
754,3.5959e+05,-13946,0
755,3.596e+05,-13962,0
756,3.5961e+05,-13979,0
757,3.5962e+05,-13995,0
758,3.5963e+05,-14012,0
759,3.5964e+05,-14029,0
760,3.5964e+05,-14045,0
761,3.5965e+05,-14062,0
762,3.5966e+05,-14078,0
763,3.5967e+05,-14095,0
764,3.5968e+05,-14111,0
765,3.5969e+05,-14128,0
766,3.597e+05,-14144,0
767,3.5971e+05,-14161,0
768,3.5972e+05,-14177,0
769,3.5973e+05,-14194,0
770,3.5974e+05,-14210,0
771,3.5975e+05,-14226,0
772,3.5976e+05,-14243,0
773,3.5977e+05,-14259,0
774,3.5978e+05,-14276,0
775,3.5978e+05,-14292,0
776,3.5979e+05,-14309,0
777,3.598e+05,-14325,0
778,3.5981e+05,-14341,0
779,3.5982e+05,-14358,0
780,3.5983e+05,-14374,0
781,3.5984e+05,-14391,0
782,3.5985e+05,-14407,0
783,3.5986e+05,-14423,0
784,3.5987e+05,-14440,0
785,3.5988e+05,-14456,0
786,3.5989e+05,-14472,0
787,3.599e+05,-14489,0
788,3.5991e+05,-14505,0
789,3.5992e+05,-14521,0
790,3.5993e+05,-14538,0
791,3.5994e+05,-14554,0
792,3.5995e+05,-14570,0
793,3.5996e+05,-14586,0
794,3.5997e+05,-14603,0
795,3.5998e+05,-14619,0
796,3.5998e+05,-14635,0
797,3.5999e+05,-14651,0
798,3.6e+05,-14668,0
799,3.6001e+05,-14684,0
800,3.6002e+05,-14700,0
801,3.6003e+05,-14716,0
802,3.6004e+05,-14733,0
803,3.6005e+05,-14749,0
804,3.6006e+05,-14765,0
805,3.6007e+05,-14781,0
806,3.6008e+05,-14797,0
807,3.6009e+05,-14814,0
808,3.601e+05,-14830,0
809,3.6011e+05,-14846,0
810,3.6012e+05,-14862,0
811,3.6013e+05,-14878,0
812,3.6014e+05,-14894,0
813,3.6015e+05,-14910,0
814,3.6016e+05,-14927,0
815,3.6017e+05,-14943,0
816,3.6018e+05,-14959,0
817,3.6019e+05,-14975,0
818,3.602e+05,-14991,0
819,3.6021e+05,-15007,0
820,3.6022e+05,-15023,0
821,3.6023e+05,-15039,0
822,3.6024e+05,-15055,0
823,3.6025e+05,-15071,0
824,3.6026e+05,-15087,0
825,3.6027e+05,-15103,0
826,3.6028e+05,-15119,0
827,3.6029e+05,-15135,0
828,3.603e+05,-15151,0
829,3.6031e+05,-15167,0
830,3.6032e+05,-15183,0
831,3.6033e+05,-15199,0
832,3.6034e+05,-15215,0
833,3.6035e+05,-15231,0
834,3.6036e+05,-15247,0
835,3.6037e+05,-15263,0
836,3.6038e+05,-15279,0
837,3.6039e+05,-15295,0
838,3.604e+05,-15311,0
839,3.6041e+05,-15327,0
840,3.6042e+05,-15343,0
841,3.6043e+05,-15359,0
842,3.6044e+05,-15374,0
843,3.6045e+05,-15390,0
844,3.6046e+05,-15406,0
845,3.6047e+05,-15422,0
846,3.6048e+05,-15438,0
847,3.6049e+05,-15454,0
848,3.605e+05,-15470,0
849,3.6051e+05,-15485,0
850,3.6052e+05,-15501,0
851,3.6053e+05,-15517,0
852,3.6054e+05,-15533,0
853,3.6055e+05,-15549,0
854,3.6056e+05,-15565,0
855,3.6057e+05,-15580,0
856,3.6058e+05,-15596,0
857,3.6059e+05,-15612,0
858,3.606e+05,-15628,0
859,3.6061e+05,-15643,0
860,3.6062e+05,-15659,0
861,3.6063e+05,-15675,0
862,3.6064e+05,-15691,0
863,3.6066e+05,-15706,0
864,3.6067e+05,-15722,0
865,3.6068e+05,-15738,0
866,3.6069e+05,-15753,0
867,3.607e+05,-15769,0
868,3.6071e+05,-15785,0
869,3.6072e+05,-15800,0
870,3.6073e+05,-15816,0
871,3.6074e+05,-15832,0
872,3.6075e+05,-15847,0
873,3.6076e+05,-15863,0
874,3.6077e+05,-15879,0
875,3.6078e+05,-15894,0
876,3.6079e+05,-15910,0
877,3.608e+05,-15925,0
878,3.6081e+05,-15941,0
879,3.6082e+05,-15957,0
880,3.6083e+05,-15972,0
881,3.6084e+05,-15988,0
882,3.6085e+05,-16003,0
883,3.6086e+05,-16019,0
884,3.6088e+05,-16034,0
885,3.6089e+05,-16050,0
886,3.609e+05,-16065,0
887,3.6091e+05,-16081,0
888,3.6092e+05,-16096,0
889,3.6093e+05,-16112,0
890,3.6094e+05,-16127,0
891,3.6095e+05,-16143,0
892,3.6096e+05,-16158,0
893,3.6097e+05,-16174,0
894,3.6098e+05,-16189,0
895,3.6099e+05,-16205,0
896,3.61e+05,-16220,0
897,3.6101e+05,-16236,0
898,3.6102e+05,-16251,0
899,3.6104e+05,-16266,0
900,3.6105e+05,-16282,0
901,3.6106e+05,-16297,0
902,3.6107e+05,-16313,0
903,3.6108e+05,-16328,0
904,3.6109e+05,-16343,0
905,3.611e+05,-16359,0
906,3.6111e+05,-16374,0
907,3.6112e+05,-16389,0
908,3.6113e+05,-16405,0
909,3.6114e+05,-16420,0
910,3.6115e+05,-16435,0
911,3.6116e+05,-16451,0
912,3.6118e+05,-16466,0
913,3.6119e+05,-16481,0
914,3.612e+05,-16497,0
915,3.6121e+05,-16512,0
916,3.6122e+05,-16527,0
917,3.6123e+05,-16542,0
918,3.6124e+05,-16558,0
919,3.6125e+05,-16573,0
920,3.6126e+05,-16588,0
921,3.6127e+05,-16603,0
922,3.6129e+05,-16618,0
923,3.613e+05,-16634,0
924,3.6131e+05,-16649,0
925,3.6132e+05,-16664,0
926,3.6133e+05,-16679,0
927,3.6134e+05,-16694,0
928,3.6135e+05,-16710,0
929,3.6136e+05,-16725,0
930,3.6137e+05,-16740,0
931,3.6138e+05,-16755,0
932,3.614e+05,-16770,0
933,3.6141e+05,-16785,0
934,3.6142e+05,-16800,0
935,3.6143e+05,-16815,0
936,3.6144e+05,-16830,0
937,3.6145e+05,-16846,0
938,3.6146e+05,-16861,0
939,3.6147e+05,-16876,0
940,3.6148e+05,-16891,0
941,3.615e+05,-16906,0
942,3.6151e+05,-16921,0
943,3.6152e+05,-16936,0
944,3.6153e+05,-16951,0
945,3.6154e+05,-16966,0
946,3.6155e+05,-16981,0
947,3.6156e+05,-16996,0
948,3.6157e+05,-17011,0
949,3.6159e+05,-17026,0
950,3.616e+05,-17041,0
951,3.6161e+05,-17056,0
952,3.6162e+05,-17071,0
953,3.6163e+05,-17086,0
954,3.6164e+05,-17100,0
955,3.6165e+05,-17115,0
956,3.6166e+05,-17130,0
957,3.6168e+05,-17145,0
958,3.6169e+05,-17160,0
959,3.617e+05,-17175,0
960,3.6171e+05,-17190,0
961,3.6172e+05,-17205,0
962,3.6173e+05,-17219,0
963,3.6174e+05,-17234,0
964,3.6176e+05,-17249,0
965,3.6177e+05,-17264,0
966,3.6178e+05,-17279,0
967,3.6179e+05,-17294,0
968,3.618e+05,-17308,0
969,3.6181e+05,-17323,0
970,3.6182e+05,-17338,0
971,3.6184e+05,-17353,0
972,3.6185e+05,-17367,0
973,3.6186e+05,-17382,0
974,3.6187e+05,-17397,0
975,3.6188e+05,-17412,0
976,3.6189e+05,-17426,0
977,3.6191e+05,-17441,0
978,3.6192e+05,-17456,0
979,3.6193e+05,-17471,0
980,3.6194e+05,-17485,0
981,3.6195e+05,-17500,0
982,3.6196e+05,-17515,0
983,3.6197e+05,-17529,0
984,3.6199e+05,-17544,0
985,3.62e+05,-17559,0
986,3.6201e+05,-17573,0
987,3.6202e+05,-17588,0
988,3.6203e+05,-17602,0
989,3.6204e+05,-17617,0
990,3.6206e+05,-17632,0
991,3.6207e+05,-17646,0
992,3.6208e+05,-17661,0
993,3.6209e+05,-17675,0
994,3.621e+05,-17690,0
995,3.6211e+05,-17704,0
996,3.6213e+05,-17719,0
997,3.6214e+05,-17733,0
998,3.6215e+05,-17748,0
999,3.6216e+05,-17762,0
1000,3.6217e+05,-17777,0
1001,3.6219e+05,-17791,0
1002,3.622e+05,-17806,0
1003,3.6221e+05,-17820,0
1004,3.6222e+05,-17835,0
1005,3.6223e+05,-17849,0
1006,3.6224e+05,-17864,0
1007,3.6226e+05,-17878,0
1008,3.6227e+05,-17893,0
1009,3.6228e+05,-17907,0
1010,3.6229e+05,-17921,0
1011,3.623e+05,-17936,0
1012,3.6232e+05,-17950,0
1013,3.6233e+05,-17965,0
1014,3.6234e+05,-17979,0
1015,3.6235e+05,-17993,0
1016,3.6236e+05,-18008,0
1017,3.6238e+05,-18022,0
1018,3.6239e+05,-18036,0
1019,3.624e+05,-18051,0
1020,3.6241e+05,-18065,0
1021,3.6242e+05,-18079,0
1022,3.6244e+05,-18093,0
1023,3.6245e+05,-18108,0
1024,3.6246e+05,-18122,0
1025,3.6247e+05,-18136,0
1026,3.6248e+05,-18151,0
1027,3.625e+05,-18165,0
1028,3.6251e+05,-18179,0
1029,3.6252e+05,-18193,0
1030,3.6253e+05,-18207,0
1031,3.6254e+05,-18222,0
1032,3.6256e+05,-18236,0
1033,3.6257e+05,-18250,0
1034,3.6258e+05,-18264,0
1035,3.6259e+05,-18278,0
1036,3.626e+05,-18292,0
1037,3.6262e+05,-18307,0
1038,3.6263e+05,-18321,0
1039,3.6264e+05,-18335,0
1040,3.6265e+05,-18349,0
1041,3.6267e+05,-18363,0
1042,3.6268e+05,-18377,0
1043,3.6269e+05,-18391,0
1044,3.627e+05,-18405,0
1045,3.6271e+05,-18419,0
1046,3.6273e+05,-18433,0
1047,3.6274e+05,-18447,0
1048,3.6275e+05,-18462,0
1049,3.6276e+05,-18476,0
1050,3.6278e+05,-18490,0
1051,3.6279e+05,-18504,0
1052,3.628e+05,-18518,0
1053,3.6281e+05,-18532,0
1054,3.6283e+05,-18546,0
1055,3.6284e+05,-18559,0
1056,3.6285e+05,-18573,0
1057,3.6286e+05,-18587,0
1058,3.6287e+05,-18601,0
1059,3.6289e+05,-18615,0
1060,3.629e+05,-18629,0
1061,3.6291e+05,-18643,0
1062,3.6292e+05,-18657,0
1063,3.6294e+05,-18671,0
1064,3.6295e+05,-18685,0
1065,3.6296e+05,-18699,0
1066,3.6297e+05,-18712,0
1067,3.6299e+05,-18726,0
1068,3.63e+05,-18740,0
1069,3.6301e+05,-18754,0
1070,3.6302e+05,-18768,0
1071,3.6304e+05,-18782,0
1072,3.6305e+05,-18795,0
1073,3.6306e+05,-18809,0
1074,3.6307e+05,-18823,0
1075,3.6309e+05,-18837,0
1076,3.631e+05,-18850,0
1077,3.6311e+05,-18864,0
1078,3.6312e+05,-18878,0
1079,3.6314e+05,-18892,0
1080,3.6315e+05,-18905,0
1081,3.6316e+05,-18919,0
1082,3.6317e+05,-18933,0
1083,3.6319e+05,-18947,0
1084,3.632e+05,-18960,0
1085,3.6321e+05,-18974,0
1086,3.6322e+05,-18988,0
1087,3.6324e+05,-19001,0
1088,3.6325e+05,-19015,0
1089,3.6326e+05,-19028,0
1090,3.6328e+05,-19042,0
1091,3.6329e+05,-19056,0
1092,3.633e+05,-19069,0
1093,3.6331e+05,-19083,0
1094,3.6333e+05,-19096,0
1095,3.6334e+05,-19110,0
1096,3.6335e+05,-19124,0
1097,3.6336e+05,-19137,0
1098,3.6338e+05,-19151,0
1099,3.6339e+05,-19164,0
1100,3.634e+05,-19178,0
1101,3.6342e+05,-19191,0
1102,3.6343e+05,-19205,0
1103,3.6344e+05,-19218,0
1104,3.6345e+05,-19232,0
1105,3.6347e+05,-19245,0
1106,3.6348e+05,-19259,0
1107,3.6349e+05,-19272,0
1108,3.6351e+05,-19285,0
1109,3.6352e+05,-19299,0
1110,3.6353e+05,-19312,0
1111,3.6354e+05,-19326,0
1112,3.6356e+05,-19339,0
1113,3.6357e+05,-19352,0
1114,3.6358e+05,-19366,0
1115,3.636e+05,-19379,0
1116,3.6361e+05,-19392,0
1117,3.6362e+05,-19406,0
1118,3.6363e+05,-19419,0
1119,3.6365e+05,-19432,0
1120,3.6366e+05,-19446,0
1121,3.6367e+05,-19459,0
1122,3.6369e+05,-19472,0
1123,3.637e+05,-19486,0
1124,3.6371e+05,-19499,0
1125,3.6373e+05,-19512,0
1126,3.6374e+05,-19525,0
1127,3.6375e+05,-19539,0
1128,3.6376e+05,-19552,0
1129,3.6378e+05,-19565,0
1130,3.6379e+05,-19578,0
1131,3.638e+05,-19591,0
1132,3.6382e+05,-19605,0
1133,3.6383e+05,-19618,0
1134,3.6384e+05,-19631,0
1135,3.6386e+05,-19644,0
1136,3.6387e+05,-19657,0
1137,3.6388e+05,-19670,0
1138,3.639e+05,-19684,0
1139,3.6391e+05,-19697,0
1140,3.6392e+05,-19710,0
1141,3.6393e+05,-19723,0
1142,3.6395e+05,-19736,0
1143,3.6396e+05,-19749,0
1144,3.6397e+05,-19762,0
1145,3.6399e+05,-19775,0
1146,3.64e+05,-19788,0
1147,3.6401e+05,-19801,0
1148,3.6403e+05,-19814,0
1149,3.6404e+05,-19827,0
1150,3.6405e+05,-19840,0
1151,3.6407e+05,-19853,0
1152,3.6408e+05,-19866,0
1153,3.6409e+05,-19879,0
1154,3.6411e+05,-19892,0
1155,3.6412e+05,-19905,0
1156,3.6413e+05,-19918,0
1157,3.6415e+05,-19931,0
1158,3.6416e+05,-19944,0
1159,3.6417e+05,-19957,0
1160,3.6419e+05,-19970,0
1161,3.642e+05,-19982,0
1162,3.6421e+05,-19995,0
1163,3.6423e+05,-20008,0
1164,3.6424e+05,-20021,0
1165,3.6425e+05,-20034,0
1166,3.6427e+05,-20047,0
1167,3.6428e+05,-20060,0
1168,3.6429e+05,-20072,0
1169,3.6431e+05,-20085,0
1170,3.6432e+05,-20098,0
1171,3.6433e+05,-20111,0
1172,3.6435e+05,-20123,0
1173,3.6436e+05,-20136,0
1174,3.6437e+05,-20149,0
1175,3.6439e+05,-20162,0
1176,3.644e+05,-20174,0
1177,3.6441e+05,-20187,0
1178,3.6443e+05,-20200,0
1179,3.6444e+05,-20212,0
1180,3.6446e+05,-20225,0
1181,3.6447e+05,-20238,0
1182,3.6448e+05,-20250,0
1183,3.645e+05,-20263,0
1184,3.6451e+05,-20276,0
1185,3.6452e+05,-20288,0
1186,3.6454e+05,-20301,0
1187,3.6455e+05,-20314,0
1188,3.6456e+05,-20326,0
1189,3.6458e+05,-20339,0
1190,3.6459e+05,-20351,0
1191,3.646e+05,-20364,0
1192,3.6462e+05,-20376,0
1193,3.6463e+05,-20389,0
1194,3.6465e+05,-20401,0
1195,3.6466e+05,-20414,0
1196,3.6467e+05,-20426,0
1197,3.6469e+05,-20439,0
1198,3.647e+05,-20451,0
1199,3.6471e+05,-20464,0
1200,3.6473e+05,-20476,0
1201,3.6474e+05,-20489,0
1202,3.6476e+05,-20501,0
1203,3.6477e+05,-20514,0
1204,3.6478e+05,-20526,0
1205,3.648e+05,-20538,0
1206,3.6481e+05,-20551,0
1207,3.6482e+05,-20563,0
1208,3.6484e+05,-20576,0
1209,3.6485e+05,-20588,0
1210,3.6487e+05,-20600,0
1211,3.6488e+05,-20613,0
1212,3.6489e+05,-20625,0
1213,3.6491e+05,-20637,0
1214,3.6492e+05,-20650,0
1215,3.6493e+05,-20662,0
1216,3.6495e+05,-20674,0
1217,3.6496e+05,-20686,0
1218,3.6498e+05,-20699,0
1219,3.6499e+05,-20711,0
1220,3.65e+05,-20723,0
1221,3.6502e+05,-20735,0
1222,3.6503e+05,-20748,0
1223,3.6505e+05,-20760,0
1224,3.6506e+05,-20772,0
1225,3.6507e+05,-20784,0
1226,3.6509e+05,-20796,0
1227,3.651e+05,-20809,0
1228,3.6512e+05,-20821,0
1229,3.6513e+05,-20833,0
1230,3.6514e+05,-20845,0
1231,3.6516e+05,-20857,0
1232,3.6517e+05,-20869,0
1233,3.6519e+05,-20881,0
1234,3.652e+05,-20893,0
1235,3.6521e+05,-20905,0
1236,3.6523e+05,-20918,0
1237,3.6524e+05,-20930,0
1238,3.6526e+05,-20942,0
1239,3.6527e+05,-20954,0
1240,3.6528e+05,-20966,0
1241,3.653e+05,-20978,0
1242,3.6531e+05,-20990,0
1243,3.6533e+05,-21002,0
1244,3.6534e+05,-21014,0
1245,3.6535e+05,-21026,0
1246,3.6537e+05,-21038,0
1247,3.6538e+05,-21049,0
1248,3.654e+05,-21061,0
1249,3.6541e+05,-21073,0
1250,3.6543e+05,-21085,0
1251,3.6544e+05,-21097,0
1252,3.6545e+05,-21109,0
1253,3.6547e+05,-21121,0
1254,3.6548e+05,-21133,0
1255,3.655e+05,-21145,0
1256,3.6551e+05,-21156,0
1257,3.6553e+05,-21168,0
1258,3.6554e+05,-21180,0
1259,3.6555e+05,-21192,0
1260,3.6557e+05,-21204,0
1261,3.6558e+05,-21215,0
1262,3.656e+05,-21227,0
1263,3.6561e+05,-21239,0
1264,3.6562e+05,-21251,0
1265,3.6564e+05,-21262,0
1266,3.6565e+05,-21274,0
1267,3.6567e+05,-21286,0
1268,3.6568e+05,-21298,0
1269,3.657e+05,-21309,0
1270,3.6571e+05,-21321,0
1271,3.6573e+05,-21333,0
1272,3.6574e+05,-21344,0
1273,3.6575e+05,-21356,0
1274,3.6577e+05,-21367,0
1275,3.6578e+05,-21379,0
1276,3.658e+05,-21391,0
1277,3.6581e+05,-21402,0
1278,3.6583e+05,-21414,0
1279,3.6584e+05,-21425,0
1280,3.6585e+05,-21437,0
1281,3.6587e+05,-21449,0
1282,3.6588e+05,-21460,0
1283,3.659e+05,-21472,0
1284,3.6591e+05,-21483,0
1285,3.6593e+05,-21495,0
1286,3.6594e+05,-21506,0
1287,3.6596e+05,-21518,0
1288,3.6597e+05,-21529,0
1289,3.6599e+05,-21541,0
1290,3.66e+05,-21552,0
1291,3.6601e+05,-21563,0
1292,3.6603e+05,-21575,0
1293,3.6604e+05,-21586,0
1294,3.6606e+05,-21598,0
1295,3.6607e+05,-21609,0
1296,3.6609e+05,-21620,0
1297,3.661e+05,-21632,0
1298,3.6612e+05,-21643,0
1299,3.6613e+05,-21655,0
1300,3.6615e+05,-21666,0
1301,3.6616e+05,-21677,0
1302,3.6617e+05,-21688,0
1303,3.6619e+05,-21700,0
1304,3.662e+05,-21711,0
1305,3.6622e+05,-21722,0
1306,3.6623e+05,-21734,0
1307,3.6625e+05,-21745,0
1308,3.6626e+05,-21756,0
1309,3.6628e+05,-21767,0
1310,3.6629e+05,-21779,0
1311,3.6631e+05,-21790,0
1312,3.6632e+05,-21801,0
1313,3.6634e+05,-21812,0
1314,3.6635e+05,-21823,0
1315,3.6637e+05,-21834,0
1316,3.6638e+05,-21846,0
1317,3.664e+05,-21857,0
1318,3.6641e+05,-21868,0
1319,3.6642e+05,-21879,0
1320,3.6644e+05,-21890,0
1321,3.6645e+05,-21901,0
1322,3.6647e+05,-21912,0
1323,3.6648e+05,-21923,0
1324,3.665e+05,-21934,0
1325,3.6651e+05,-21945,0
1326,3.6653e+05,-21956,0
1327,3.6654e+05,-21967,0
1328,3.6656e+05,-21978,0
1329,3.6657e+05,-21989,0
1330,3.6659e+05,-22000,0
1331,3.666e+05,-22011,0
1332,3.6662e+05,-22022,0
1333,3.6663e+05,-22033,0
1334,3.6665e+05,-22044,0
1335,3.6666e+05,-22055,0
1336,3.6668e+05,-22066,0
1337,3.6669e+05,-22077,0
1338,3.6671e+05,-22088,0
1339,3.6672e+05,-22099,0
1340,3.6674e+05,-22109,0
1341,3.6675e+05,-22120,0
1342,3.6677e+05,-22131,0
1343,3.6678e+05,-22142,0
1344,3.668e+05,-22153,0
1345,3.6681e+05,-22164,0
1346,3.6683e+05,-22174,0
1347,3.6684e+05,-22185,0
1348,3.6686e+05,-22196,0
1349,3.6687e+05,-22207,0
1350,3.6689e+05,-22217,0
1351,3.669e+05,-22228,0
1352,3.6692e+05,-22239,0
1353,3.6693e+05,-22250,0
1354,3.6695e+05,-22260,0
1355,3.6696e+05,-22271,0
1356,3.6698e+05,-22282,0
1357,3.6699e+05,-22292,0
1358,3.6701e+05,-22303,0
1359,3.6702e+05,-22314,0
1360,3.6704e+05,-22324,0
1361,3.6705e+05,-22335,0
1362,3.6707e+05,-22345,0
1363,3.6708e+05,-22356,0
1364,3.671e+05,-22366,0
1365,3.6711e+05,-22377,0
1366,3.6713e+05,-22388,0
1367,3.6714e+05,-22398,0
1368,3.6716e+05,-22409,0
1369,3.6717e+05,-22419,0
1370,3.6719e+05,-22430,0
1371,3.672e+05,-22440,0
1372,3.6722e+05,-22451,0
1373,3.6724e+05,-22461,0
1374,3.6725e+05,-22472,0
1375,3.6727e+05,-22482,0
1376,3.6728e+05,-22492,0
1377,3.673e+05,-22503,0
1378,3.6731e+05,-22513,0
1379,3.6733e+05,-22524,0
1380,3.6734e+05,-22534,0
1381,3.6736e+05,-22544,0
1382,3.6737e+05,-22555,0
1383,3.6739e+05,-22565,0
1384,3.674e+05,-22575,0
1385,3.6742e+05,-22586,0
1386,3.6743e+05,-22596,0
1387,3.6745e+05,-22606,0
1388,3.6746e+05,-22617,0
1389,3.6748e+05,-22627,0
1390,3.675e+05,-22637,0
1391,3.6751e+05,-22647,0
1392,3.6753e+05,-22658,0
1393,3.6754e+05,-22668,0
1394,3.6756e+05,-22678,0
1395,3.6757e+05,-22688,0
1396,3.6759e+05,-22698,0
1397,3.676e+05,-22709,0
1398,3.6762e+05,-22719,0
1399,3.6763e+05,-22729,0
1400,3.6765e+05,-22739,0
1401,3.6767e+05,-22749,0
1402,3.6768e+05,-22759,0
1403,3.677e+05,-22769,0
1404,3.6771e+05,-22779,0
1405,3.6773e+05,-22789,0
1406,3.6774e+05,-22800,0
1407,3.6776e+05,-22810,0
1408,3.6777e+05,-22820,0
1409,3.6779e+05,-22830,0
1410,3.678e+05,-22840,0
1411,3.6782e+05,-22850,0
1412,3.6784e+05,-22860,0
1413,3.6785e+05,-22870,0
1414,3.6787e+05,-22880,0
1415,3.6788e+05,-22890,0
1416,3.679e+05,-22899,0
1417,3.6791e+05,-22909,0
1418,3.6793e+05,-22919,0
1419,3.6794e+05,-22929,0
1420,3.6796e+05,-22939,0
1421,3.6798e+05,-22949,0
1422,3.6799e+05,-22959,0
1423,3.6801e+05,-22969,0
1424,3.6802e+05,-22978,0
1425,3.6804e+05,-22988,0
1426,3.6805e+05,-22998,0
1427,3.6807e+05,-23008,0
1428,3.6809e+05,-23018,0
1429,3.681e+05,-23027,0
1430,3.6812e+05,-23037,0
1431,3.6813e+05,-23047,0
1432,3.6815e+05,-23057,0
1433,3.6816e+05,-23066,0
1434,3.6818e+05,-23076,0
1435,3.682e+05,-23086,0
1436,3.6821e+05,-23096,0
1437,3.6823e+05,-23105,0
1438,3.6824e+05,-23115,0
1439,3.6826e+05,-23125,0
1440,3.6827e+05,-23134,0
1441,3.6829e+05,-23144,0
1442,3.6831e+05,-23153,0
1443,3.6832e+05,-23163,0
1444,3.6834e+05,-23173,0
1445,3.6835e+05,-23182,0
1446,3.6837e+05,-23192,0
1447,3.6839e+05,-23201,0
1448,3.684e+05,-23211,0
1449,3.6842e+05,-23220,0
1450,3.6843e+05,-23230,0
1451,3.6845e+05,-23239,0
1452,3.6846e+05,-23249,0
1453,3.6848e+05,-23258,0
1454,3.685e+05,-23268,0
1455,3.6851e+05,-23277,0
1456,3.6853e+05,-23287,0
1457,3.6854e+05,-23296,0
1458,3.6856e+05,-23305,0
1459,3.6858e+05,-23315,0
1460,3.6859e+05,-23324,0
1461,3.6861e+05,-23334,0
1462,3.6862e+05,-23343,0
1463,3.6864e+05,-23352,0
1464,3.6866e+05,-23362,0
1465,3.6867e+05,-23371,0
1466,3.6869e+05,-23380,0
1467,3.687e+05,-23389,0
1468,3.6872e+05,-23399,0
1469,3.6874e+05,-23408,0
1470,3.6875e+05,-23417,0
1471,3.6877e+05,-23427,0
1472,3.6878e+05,-23436,0
1473,3.688e+05,-23445,0
1474,3.6882e+05,-23454,0
1475,3.6883e+05,-23463,0
1476,3.6885e+05,-23473,0
1477,3.6886e+05,-23482,0
1478,3.6888e+05,-23491,0
1479,3.689e+05,-23500,0
1480,3.6891e+05,-23509,0
1481,3.6893e+05,-23518,0
1482,3.6894e+05,-23527,0
1483,3.6896e+05,-23536,0
1484,3.6898e+05,-23546,0
1485,3.6899e+05,-23555,0
1486,3.6901e+05,-23564,0
1487,3.6903e+05,-23573,0
1488,3.6904e+05,-23582,0
1489,3.6906e+05,-23591,0
1490,3.6907e+05,-23600,0
1491,3.6909e+05,-23609,0
1492,3.6911e+05,-23618,0
1493,3.6912e+05,-23627,0
1494,3.6914e+05,-23636,0
1495,3.6915e+05,-23644,0
1496,3.6917e+05,-23653,0
1497,3.6919e+05,-23662,0
1498,3.692e+05,-23671,0
1499,3.6922e+05,-23680,0
1500,3.6924e+05,-23689,0
1501,3.6925e+05,-23698,0
1502,3.6927e+05,-23707,0
1503,3.6928e+05,-23715,0
1504,3.693e+05,-23724,0
1505,3.6932e+05,-23733,0
1506,3.6933e+05,-23742,0
1507,3.6935e+05,-23751,0
1508,3.6937e+05,-23759,0
1509,3.6938e+05,-23768,0
1510,3.694e+05,-23777,0
1511,3.6942e+05,-23786,0
1512,3.6943e+05,-23794,0
1513,3.6945e+05,-23803,0
1514,3.6946e+05,-23812,0
1515,3.6948e+05,-23820,0
1516,3.695e+05,-23829,0
1517,3.6951e+05,-23838,0
1518,3.6953e+05,-23846,0
1519,3.6955e+05,-23855,0
1520,3.6956e+05,-23864,0
1521,3.6958e+05,-23872,0
1522,3.696e+05,-23881,0
1523,3.6961e+05,-23889,0
1524,3.6963e+05,-23898,0
1525,3.6964e+05,-23906,0
1526,3.6966e+05,-23915,0
1527,3.6968e+05,-23923,0
1528,3.6969e+05,-23932,0
1529,3.6971e+05,-23940,0
1530,3.6973e+05,-23949,0
1531,3.6974e+05,-23957,0
1532,3.6976e+05,-23966,0
1533,3.6978e+05,-23974,0
1534,3.6979e+05,-23983,0
1535,3.6981e+05,-23991,0
1536,3.6983e+05,-23999,0
1537,3.6984e+05,-24008,0
1538,3.6986e+05,-24016,0
1539,3.6988e+05,-24025,0
1540,3.6989e+05,-24033,0
1541,3.6991e+05,-24041,0
1542,3.6993e+05,-24050,0
1543,3.6994e+05,-24058,0
1544,3.6996e+05,-24066,0
1545,3.6998e+05,-24074,0
1546,3.6999e+05,-24083,0
1547,3.7001e+05,-24091,0
1548,3.7002e+05,-24099,0
1549,3.7004e+05,-24107,0
1550,3.7006e+05,-24116,0
1551,3.7007e+05,-24124,0
1552,3.7009e+05,-24132,0
1553,3.7011e+05,-24140,0
1554,3.7012e+05,-24148,0
1555,3.7014e+05,-24156,0
1556,3.7016e+05,-24165,0
1557,3.7017e+05,-24173,0
1558,3.7019e+05,-24181,0
1559,3.7021e+05,-24189,0
1560,3.7022e+05,-24197,0
1561,3.7024e+05,-24205,0
1562,3.7026e+05,-24213,0
1563,3.7028e+05,-24221,0
1564,3.7029e+05,-24229,0
1565,3.7031e+05,-24237,0
1566,3.7033e+05,-24245,0
1567,3.7034e+05,-24253,0
1568,3.7036e+05,-24261,0
1569,3.7038e+05,-24269,0
1570,3.7039e+05,-24277,0
1571,3.7041e+05,-24285,0
1572,3.7043e+05,-24293,0
1573,3.7044e+05,-24301,0
1574,3.7046e+05,-24309,0
1575,3.7048e+05,-24316,0
1576,3.7049e+05,-24324,0
1577,3.7051e+05,-24332,0
1578,3.7053e+05,-24340,0
1579,3.7054e+05,-24348,0
1580,3.7056e+05,-24356,0
1581,3.7058e+05,-24363,0
1582,3.7059e+05,-24371,0
1583,3.7061e+05,-24379,0
1584,3.7063e+05,-24387,0
1585,3.7064e+05,-24394,0
1586,3.7066e+05,-24402,0
1587,3.7068e+05,-24410,0
1588,3.707e+05,-24418,0
1589,3.7071e+05,-24425,0
1590,3.7073e+05,-24433,0
1591,3.7075e+05,-24441,0
1592,3.7076e+05,-24448,0
1593,3.7078e+05,-24456,0
1594,3.708e+05,-24463,0
1595,3.7081e+05,-24471,0
1596,3.7083e+05,-24479,0
1597,3.7085e+05,-24486,0
1598,3.7087e+05,-24494,0
1599,3.7088e+05,-24501,0
1600,3.709e+05,-24509,0
1601,3.7092e+05,-24516,0
1602,3.7093e+05,-24524,0
1603,3.7095e+05,-24531,0
1604,3.7097e+05,-24539,0
1605,3.7098e+05,-24546,0
1606,3.71e+05,-24554,0
1607,3.7102e+05,-24561,0
1608,3.7104e+05,-24569,0
1609,3.7105e+05,-24576,0
1610,3.7107e+05,-24583,0
1611,3.7109e+05,-24591,0
1612,3.711e+05,-24598,0
1613,3.7112e+05,-24606,0
1614,3.7114e+05,-24613,0
1615,3.7115e+05,-24620,0
1616,3.7117e+05,-24628,0
1617,3.7119e+05,-24635,0
1618,3.7121e+05,-24642,0
1619,3.7122e+05,-24649,0
1620,3.7124e+05,-24657,0
1621,3.7126e+05,-24664,0
1622,3.7127e+05,-24671,0
1623,3.7129e+05,-24678,0
1624,3.7131e+05,-24686,0
1625,3.7133e+05,-24693,0
1626,3.7134e+05,-24700,0
1627,3.7136e+05,-24707,0
1628,3.7138e+05,-24714,0
1629,3.7139e+05,-24721,0
1630,3.7141e+05,-24728,0
1631,3.7143e+05,-24736,0
1632,3.7145e+05,-24743,0
1633,3.7146e+05,-24750,0
1634,3.7148e+05,-24757,0
1635,3.715e+05,-24764,0
1636,3.7152e+05,-24771,0
1637,3.7153e+05,-24778,0
1638,3.7155e+05,-24785,0
1639,3.7157e+05,-24792,0
1640,3.7158e+05,-24799,0
1641,3.716e+05,-24806,0
1642,3.7162e+05,-24813,0
1643,3.7164e+05,-24820,0
1644,3.7165e+05,-24827,0
1645,3.7167e+05,-24834,0
1646,3.7169e+05,-24840,0
1647,3.7171e+05,-24847,0
1648,3.7172e+05,-24854,0
1649,3.7174e+05,-24861,0
1650,3.7176e+05,-24868,0
1651,3.7177e+05,-24875,0
1652,3.7179e+05,-24882,0
1653,3.7181e+05,-24888,0
1654,3.7183e+05,-24895,0
1655,3.7184e+05,-24902,0
1656,3.7186e+05,-24909,0
1657,3.7188e+05,-24915,0
1658,3.719e+05,-24922,0
1659,3.7191e+05,-24929,0
1660,3.7193e+05,-24936,0
1661,3.7195e+05,-24942,0
1662,3.7197e+05,-24949,0
1663,3.7198e+05,-24956,0
1664,3.72e+05,-24962,0
1665,3.7202e+05,-24969,0
1666,3.7204e+05,-24975,0
1667,3.7205e+05,-24982,0
1668,3.7207e+05,-24989,0
1669,3.7209e+05,-24995,0
1670,3.7211e+05,-25002,0
1671,3.7212e+05,-25008,0
1672,3.7214e+05,-25015,0
1673,3.7216e+05,-25021,0
1674,3.7218e+05,-25028,0
1675,3.7219e+05,-25034,0
1676,3.7221e+05,-25041,0
1677,3.7223e+05,-25047,0
1678,3.7225e+05,-25054,0
1679,3.7226e+05,-25060,0
1680,3.7228e+05,-25067,0
1681,3.723e+05,-25073,0
1682,3.7232e+05,-25079,0
1683,3.7233e+05,-25086,0
1684,3.7235e+05,-25092,0
1685,3.7237e+05,-25098,0
1686,3.7239e+05,-25105,0
1687,3.724e+05,-25111,0
1688,3.7242e+05,-25117,0
1689,3.7244e+05,-25124,0
1690,3.7246e+05,-25130,0
1691,3.7247e+05,-25136,0
1692,3.7249e+05,-25143,0
1693,3.7251e+05,-25149,0
1694,3.7253e+05,-25155,0
1695,3.7254e+05,-25161,0
1696,3.7256e+05,-25167,0
1697,3.7258e+05,-25174,0
1698,3.726e+05,-25180,0
1699,3.7262e+05,-25186,0
1700,3.7263e+05,-25192,0
1701,3.7265e+05,-25198,0
1702,3.7267e+05,-25204,0
1703,3.7269e+05,-25210,0
1704,3.727e+05,-25216,0
1705,3.7272e+05,-25222,0
1706,3.7274e+05,-25228,0
1707,3.7276e+05,-25234,0
1708,3.7277e+05,-25240,0
1709,3.7279e+05,-25246,0
1710,3.7281e+05,-25252,0
1711,3.7283e+05,-25258,0
1712,3.7285e+05,-25264,0
1713,3.7286e+05,-25270,0
1714,3.7288e+05,-25276,0
1715,3.729e+05,-25282,0
1716,3.7292e+05,-25288,0
1717,3.7293e+05,-25294,0
1718,3.7295e+05,-25300,0
1719,3.7297e+05,-25306,0
1720,3.7299e+05,-25312,0
1721,3.7301e+05,-25317,0
1722,3.7302e+05,-25323,0
1723,3.7304e+05,-25329,0
1724,3.7306e+05,-25335,0
1725,3.7308e+05,-25341,0
1726,3.731e+05,-25346,0
1727,3.7311e+05,-25352,0
1728,3.7313e+05,-25358,0
1729,3.7315e+05,-25364,0
1730,3.7317e+05,-25369,0
1731,3.7318e+05,-25375,0
1732,3.732e+05,-25381,0
1733,3.7322e+05,-25386,0
1734,3.7324e+05,-25392,0
1735,3.7326e+05,-25397,0
1736,3.7327e+05,-25403,0
1737,3.7329e+05,-25409,0
1738,3.7331e+05,-25414,0
1739,3.7333e+05,-25420,0
1740,3.7335e+05,-25425,0
1741,3.7336e+05,-25431,0
1742,3.7338e+05,-25436,0
1743,3.734e+05,-25442,0
1744,3.7342e+05,-25447,0
1745,3.7344e+05,-25453,0
1746,3.7345e+05,-25458,0
1747,3.7347e+05,-25464,0
1748,3.7349e+05,-25469,0
1749,3.7351e+05,-25475,0
1750,3.7353e+05,-25480,0
1751,3.7354e+05,-25485,0
1752,3.7356e+05,-25491,0
1753,3.7358e+05,-25496,0
1754,3.736e+05,-25502,0
1755,3.7362e+05,-25507,0
1756,3.7363e+05,-25512,0
1757,3.7365e+05,-25518,0
1758,3.7367e+05,-25523,0
1759,3.7369e+05,-25528,0
1760,3.7371e+05,-25533,0
1761,3.7372e+05,-25539,0
1762,3.7374e+05,-25544,0
1763,3.7376e+05,-25549,0
1764,3.7378e+05,-25554,0
1765,3.738e+05,-25559,0
1766,3.7381e+05,-25565,0
1767,3.7383e+05,-25570,0
1768,3.7385e+05,-25575,0
1769,3.7387e+05,-25580,0
1770,3.7389e+05,-25585,0
1771,3.739e+05,-25590,0
1772,3.7392e+05,-25595,0
1773,3.7394e+05,-25600,0
1774,3.7396e+05,-25605,0
1775,3.7398e+05,-25610,0
1776,3.74e+05,-25615,0
1777,3.7401e+05,-25620,0
1778,3.7403e+05,-25625,0
1779,3.7405e+05,-25630,0
1780,3.7407e+05,-25635,0
1781,3.7409e+05,-25640,0
1782,3.741e+05,-25645,0
1783,3.7412e+05,-25650,0
1784,3.7414e+05,-25655,0
1785,3.7416e+05,-25660,0
1786,3.7418e+05,-25665,0
1787,3.742e+05,-25670,0
1788,3.7421e+05,-25675,0
1789,3.7423e+05,-25679,0
1790,3.7425e+05,-25684,0
1791,3.7427e+05,-25689,0
1792,3.7429e+05,-25694,0
1793,3.743e+05,-25699,0
1794,3.7432e+05,-25703,0
1795,3.7434e+05,-25708,0
1796,3.7436e+05,-25713,0
1797,3.7438e+05,-25717,0
1798,3.744e+05,-25722,0
1799,3.7441e+05,-25727,0
1800,3.7443e+05,-25731,0
1801,3.7445e+05,-25736,0
1802,3.7447e+05,-25741,0
1803,3.7449e+05,-25745,0
1804,3.7451e+05,-25750,0
1805,3.7452e+05,-25755,0
1806,3.7454e+05,-25759,0
1807,3.7456e+05,-25764,0
1808,3.7458e+05,-25768,0
1809,3.746e+05,-25773,0
1810,3.7462e+05,-25777,0
1811,3.7463e+05,-25782,0
1812,3.7465e+05,-25786,0
1813,3.7467e+05,-25791,0
1814,3.7469e+05,-25795,0
1815,3.7471e+05,-25800,0
1816,3.7473e+05,-25804,0
1817,3.7474e+05,-25808,0
1818,3.7476e+05,-25813,0
1819,3.7478e+05,-25817,0
1820,3.748e+05,-25822,0
1821,3.7482e+05,-25826,0
1822,3.7484e+05,-25830,0
1823,3.7486e+05,-25835,0
1824,3.7487e+05,-25839,0
1825,3.7489e+05,-25843,0
1826,3.7491e+05,-25847,0
1827,3.7493e+05,-25852,0
1828,3.7495e+05,-25856,0
1829,3.7497e+05,-25860,0
1830,3.7498e+05,-25864,0
1831,3.75e+05,-25868,0
1832,3.7502e+05,-25873,0
1833,3.7504e+05,-25877,0
1834,3.7506e+05,-25881,0
1835,3.7508e+05,-25885,0
1836,3.751e+05,-25889,0
1837,3.7511e+05,-25893,0
1838,3.7513e+05,-25897,0
1839,3.7515e+05,-25901,0
1840,3.7517e+05,-25906,0
1841,3.7519e+05,-25910,0
1842,3.7521e+05,-25914,0
1843,3.7523e+05,-25918,0
1844,3.7524e+05,-25922,0
1845,3.7526e+05,-25926,0
1846,3.7528e+05,-25930,0
1847,3.753e+05,-25933,0
1848,3.7532e+05,-25937,0
1849,3.7534e+05,-25941,0
1850,3.7536e+05,-25945,0
1851,3.7537e+05,-25949,0
1852,3.7539e+05,-25953,0
1853,3.7541e+05,-25957,0
1854,3.7543e+05,-25961,0
1855,3.7545e+05,-25964,0
1856,3.7547e+05,-25968,0
1857,3.7549e+05,-25972,0
1858,3.755e+05,-25976,0
1859,3.7552e+05,-25980,0
1860,3.7554e+05,-25983,0
1861,3.7556e+05,-25987,0
1862,3.7558e+05,-25991,0
1863,3.756e+05,-25995,0
1864,3.7562e+05,-25998,0
1865,3.7563e+05,-26002,0
1866,3.7565e+05,-26006,0
1867,3.7567e+05,-26009,0
1868,3.7569e+05,-26013,0
1869,3.7571e+05,-26016,0
1870,3.7573e+05,-26020,0
1871,3.7575e+05,-26024,0
1872,3.7577e+05,-26027,0
1873,3.7578e+05,-26031,0
1874,3.758e+05,-26034,0
1875,3.7582e+05,-26038,0
1876,3.7584e+05,-26041,0
1877,3.7586e+05,-26045,0
1878,3.7588e+05,-26048,0
1879,3.759e+05,-26052,0
1880,3.7592e+05,-26055,0
1881,3.7593e+05,-26058,0
1882,3.7595e+05,-26062,0
1883,3.7597e+05,-26065,0
1884,3.7599e+05,-26069,0
1885,3.7601e+05,-26072,0
1886,3.7603e+05,-26075,0
1887,3.7605e+05,-26079,0
1888,3.7607e+05,-26082,0
1889,3.7608e+05,-26085,0
1890,3.761e+05,-26089,0
1891,3.7612e+05,-26092,0
1892,3.7614e+05,-26095,0
1893,3.7616e+05,-26098,0
1894,3.7618e+05,-26101,0
1895,3.762e+05,-26105,0
1896,3.7622e+05,-26108,0
1897,3.7623e+05,-26111,0
1898,3.7625e+05,-26114,0
1899,3.7627e+05,-26117,0
1900,3.7629e+05,-26120,0
1901,3.7631e+05,-26124,0
1902,3.7633e+05,-26127,0
1903,3.7635e+05,-26130,0
1904,3.7637e+05,-26133,0
1905,3.7639e+05,-26136,0
1906,3.764e+05,-26139,0
1907,3.7642e+05,-26142,0
1908,3.7644e+05,-26145,0
1909,3.7646e+05,-26148,0
1910,3.7648e+05,-26151,0
1911,3.765e+05,-26154,0
1912,3.7652e+05,-26157,0
1913,3.7654e+05,-26160,0
1914,3.7656e+05,-26163,0
1915,3.7657e+05,-26165,0
1916,3.7659e+05,-26168,0
1917,3.7661e+05,-26171,0
1918,3.7663e+05,-26174,0
1919,3.7665e+05,-26177,0
1920,3.7667e+05,-26180,0
1921,3.7669e+05,-26182,0
1922,3.7671e+05,-26185,0
1923,3.7673e+05,-26188,0
1924,3.7675e+05,-26191,0
1925,3.7676e+05,-26193,0
1926,3.7678e+05,-26196,0
1927,3.768e+05,-26199,0
1928,3.7682e+05,-26201,0
1929,3.7684e+05,-26204,0
1930,3.7686e+05,-26207,0
1931,3.7688e+05,-26209,0
1932,3.769e+05,-26212,0
1933,3.7692e+05,-26215,0
1934,3.7694e+05,-26217,0
1935,3.7695e+05,-26220,0
1936,3.7697e+05,-26222,0
1937,3.7699e+05,-26225,0
1938,3.7701e+05,-26227,0
1939,3.7703e+05,-26230,0
1940,3.7705e+05,-26232,0
1941,3.7707e+05,-26235,0
1942,3.7709e+05,-26237,0
1943,3.7711e+05,-26240,0
1944,3.7713e+05,-26242,0
1945,3.7714e+05,-26245,0
1946,3.7716e+05,-26247,0
1947,3.7718e+05,-26249,0
1948,3.772e+05,-26252,0
1949,3.7722e+05,-26254,0
1950,3.7724e+05,-26256,0
1951,3.7726e+05,-26259,0
1952,3.7728e+05,-26261,0
1953,3.773e+05,-26263,0
1954,3.7732e+05,-26265,0
1955,3.7734e+05,-26268,0
1956,3.7736e+05,-26270,0
1957,3.7737e+05,-26272,0
1958,3.7739e+05,-26274,0
1959,3.7741e+05,-26277,0
1960,3.7743e+05,-26279,0
1961,3.7745e+05,-26281,0
1962,3.7747e+05,-26283,0
1963,3.7749e+05,-26285,0
1964,3.7751e+05,-26287,0
1965,3.7753e+05,-26289,0
1966,3.7755e+05,-26291,0
1967,3.7757e+05,-26293,0
1968,3.7759e+05,-26295,0
1969,3.776e+05,-26297,0
1970,3.7762e+05,-26299,0
1971,3.7764e+05,-26301,0
1972,3.7766e+05,-26303,0
1973,3.7768e+05,-26305,0
1974,3.777e+05,-26307,0
1975,3.7772e+05,-26309,0
1976,3.7774e+05,-26311,0
1977,3.7776e+05,-26313,0
1978,3.7778e+05,-26315,0
1979,3.778e+05,-26317,0
1980,3.7782e+05,-26319,0
1981,3.7784e+05,-26320,0
1982,3.7785e+05,-26322,0
1983,3.7787e+05,-26324,0
1984,3.7789e+05,-26326,0
1985,3.7791e+05,-26328,0
1986,3.7793e+05,-26329,0
1987,3.7795e+05,-26331,0
1988,3.7797e+05,-26333,0
1989,3.7799e+05,-26334,0
1990,3.7801e+05,-26336,0
1991,3.7803e+05,-26338,0
1992,3.7805e+05,-26339,0
1993,3.7807e+05,-26341,0
1994,3.7809e+05,-26343,0
1995,3.781e+05,-26344,0
1996,3.7812e+05,-26346,0
1997,3.7814e+05,-26347,0
1998,3.7816e+05,-26349,0
1999,3.7818e+05,-26350,0
2000,3.782e+05,-26352,0
2001,3.7822e+05,-26353,0
2002,3.7824e+05,-26355,0
2003,3.7826e+05,-26356,0
2004,3.7828e+05,-26358,0
2005,3.783e+05,-26359,0
2006,3.7832e+05,-26361,0
2007,3.7834e+05,-26362,0
2008,3.7836e+05,-26363,0
2009,3.7838e+05,-26365,0
2010,3.784e+05,-26366,0
2011,3.7841e+05,-26368,0
2012,3.7843e+05,-26369,0
2013,3.7845e+05,-26370,0
2014,3.7847e+05,-26371,0
2015,3.7849e+05,-26373,0
2016,3.7851e+05,-26374,0
2017,3.7853e+05,-26375,0
2018,3.7855e+05,-26376,0
2019,3.7857e+05,-26378,0
2020,3.7859e+05,-26379,0
2021,3.7861e+05,-26380,0
2022,3.7863e+05,-26381,0
2023,3.7865e+05,-26382,0
2024,3.7867e+05,-26383,0
2025,3.7869e+05,-26384,0
2026,3.7871e+05,-26385,0
2027,3.7873e+05,-26387,0
2028,3.7874e+05,-26388,0
2029,3.7876e+05,-26389,0
2030,3.7878e+05,-26390,0
2031,3.788e+05,-26391,0
2032,3.7882e+05,-26392,0
2033,3.7884e+05,-26393,0
2034,3.7886e+05,-26394,0
2035,3.7888e+05,-26394,0
2036,3.789e+05,-26395,0
2037,3.7892e+05,-26396,0
2038,3.7894e+05,-26397,0
2039,3.7896e+05,-26398,0
2040,3.7898e+05,-26399,0
2041,3.79e+05,-26400,0
2042,3.7902e+05,-26401,0
2043,3.7904e+05,-26401,0
2044,3.7906e+05,-26402,0
2045,3.7908e+05,-26403,0
2046,3.791e+05,-26404,0
2047,3.7912e+05,-26404,0
2048,3.7913e+05,-26405,0
2049,3.7915e+05,-26406,0
2050,3.7917e+05,-26406,0
2051,3.7919e+05,-26407,0
2052,3.7921e+05,-26408,0
2053,3.7923e+05,-26408,0
2054,3.7925e+05,-26409,0
2055,3.7927e+05,-26410,0
2056,3.7929e+05,-26410,0
2057,3.7931e+05,-26411,0
2058,3.7933e+05,-26411,0
2059,3.7935e+05,-26412,0
2060,3.7937e+05,-26412,0
2061,3.7939e+05,-26413,0
2062,3.7941e+05,-26413,0
2063,3.7943e+05,-26414,0
2064,3.7945e+05,-26414,0
2065,3.7947e+05,-26415,0
2066,3.7949e+05,-26415,0
2067,3.7951e+05,-26415,0
2068,3.7953e+05,-26416,0
2069,3.7955e+05,-26416,0
2070,3.7957e+05,-26417,0
2071,3.7959e+05,-26417,0
2072,3.7961e+05,-26417,0
2073,3.7962e+05,-26417,0
2074,3.7964e+05,-26418,0
2075,3.7966e+05,-26418,0
2076,3.7968e+05,-26418,0
2077,3.797e+05,-26418,0
2078,3.7972e+05,-26419,0
2079,3.7974e+05,-26419,0
2080,3.7976e+05,-26419,0
2081,3.7978e+05,-26419,0
2082,3.798e+05,-26419,0
2083,3.7982e+05,-26419,0
2084,3.7984e+05,-26420,0
2085,3.7986e+05,-26420,0
2086,3.7988e+05,-26420,0
2087,3.799e+05,-26420,0
2088,3.7992e+05,-26420,0
2089,3.7994e+05,-26420,0
2090,3.7996e+05,-26420,0
2091,3.7998e+05,-26420,0
2092,3.8e+05,-26420,0
2093,3.8002e+05,-26420,0
2094,3.8004e+05,-26420,0
2095,3.8006e+05,-26420,0
2096,3.8008e+05,-26419,0
2097,3.801e+05,-26419,0
2098,3.8012e+05,-26419,0
2099,3.8014e+05,-26419,0
2100,3.8016e+05,-26419,0
2101,3.8018e+05,-26419,0
2102,3.802e+05,-26418,0
2103,3.8022e+05,-26418,0
2104,3.8024e+05,-26418,0
2105,3.8026e+05,-26418,0
2106,3.8027e+05,-26417,0
2107,3.8029e+05,-26417,0
2108,3.8031e+05,-26417,0
2109,3.8033e+05,-26417,0
2110,3.8035e+05,-26416,0
2111,3.8037e+05,-26416,0
2112,3.8039e+05,-26415,0
2113,3.8041e+05,-26415,0
2114,3.8043e+05,-26415,0
2115,3.8045e+05,-26414,0
2116,3.8047e+05,-26414,0
2117,3.8049e+05,-26413,0
2118,3.8051e+05,-26413,0
2119,3.8053e+05,-26412,0
2120,3.8055e+05,-26412,0
2121,3.8057e+05,-26411,0
2122,3.8059e+05,-26411,0
2123,3.8061e+05,-26410,0
2124,3.8063e+05,-26410,0
2125,3.8065e+05,-26409,0
2126,3.8067e+05,-26408,0
2127,3.8069e+05,-26408,0
2128,3.8071e+05,-26407,0
2129,3.8073e+05,-26406,0
2130,3.8075e+05,-26406,0
2131,3.8077e+05,-26405,0
2132,3.8079e+05,-26404,0
2133,3.8081e+05,-26404,0
2134,3.8083e+05,-26403,0
2135,3.8085e+05,-26402,0
2136,3.8087e+05,-26401,0
2137,3.8089e+05,-26400,0
2138,3.8091e+05,-26400,0
2139,3.8093e+05,-26399,0
2140,3.8095e+05,-26398,0
2141,3.8097e+05,-26397,0
2142,3.8099e+05,-26396,0
2143,3.8101e+05,-26395,0
2144,3.8103e+05,-26394,0
2145,3.8105e+05,-26393,0
2146,3.8107e+05,-26392,0
2147,3.8109e+05,-26391,0
2148,3.8111e+05,-26390,0
2149,3.8113e+05,-26389,0
2150,3.8115e+05,-26388,0
2151,3.8117e+05,-26387,0
2152,3.8119e+05,-26386,0
2153,3.8121e+05,-26385,0
2154,3.8123e+05,-26384,0
2155,3.8125e+05,-26383,0
2156,3.8127e+05,-26382,0
2157,3.8129e+05,-26381,0
2158,3.8131e+05,-26379,0
2159,3.8133e+05,-26378,0
2160,3.8135e+05,-26377,0
2161,3.8137e+05,-26376,0
2162,3.8139e+05,-26375,0
2163,3.8141e+05,-26373,0
2164,3.8143e+05,-26372,0
2165,3.8145e+05,-26371,0
2166,3.8147e+05,-26369,0
2167,3.8149e+05,-26368,0
2168,3.8151e+05,-26367,0
2169,3.8153e+05,-26365,0
2170,3.8155e+05,-26364,0
2171,3.8157e+05,-26362,0
2172,3.8159e+05,-26361,0
2173,3.8161e+05,-26360,0
2174,3.8163e+05,-26358,0
2175,3.8165e+05,-26357,0
2176,3.8167e+05,-26355,0
2177,3.8169e+05,-26354,0
2178,3.8171e+05,-26352,0
2179,3.8173e+05,-26351,0
2180,3.8175e+05,-26349,0
2181,3.8177e+05,-26347,0
2182,3.8179e+05,-26346,0
2183,3.8181e+05,-26344,0
2184,3.8183e+05,-26343,0
2185,3.8185e+05,-26341,0
2186,3.8187e+05,-26339,0
2187,3.8189e+05,-26338,0
2188,3.8191e+05,-26336,0
2189,3.8193e+05,-26334,0
2190,3.8195e+05,-26332,0
2191,3.8197e+05,-26331,0
2192,3.8199e+05,-26329,0
2193,3.8201e+05,-26327,0
2194,3.8203e+05,-26325,0
2195,3.8205e+05,-26323,0
2196,3.8207e+05,-26322,0
2197,3.8209e+05,-26320,0
2198,3.8211e+05,-26318,0
2199,3.8213e+05,-26316,0
2200,3.8215e+05,-26314,0
2201,3.8217e+05,-26312,0
2202,3.8219e+05,-26310,0
2203,3.8221e+05,-26308,0
2204,3.8223e+05,-26306,0
2205,3.8225e+05,-26304,0
2206,3.8227e+05,-26302,0
2207,3.8229e+05,-26300,0
2208,3.8231e+05,-26298,0
2209,3.8233e+05,-26296,0
2210,3.8235e+05,-26294,0
2211,3.8237e+05,-26292,0
2212,3.8239e+05,-26289,0
2213,3.8241e+05,-26287,0
2214,3.8243e+05,-26285,0
2215,3.8245e+05,-26283,0
2216,3.8247e+05,-26281,0
2217,3.8249e+05,-26278,0
2218,3.8251e+05,-26276,0
2219,3.8253e+05,-26274,0
2220,3.8255e+05,-26272,0
2221,3.8257e+05,-26269,0
2222,3.8259e+05,-26267,0
2223,3.8261e+05,-26265,0
2224,3.8263e+05,-26262,0
2225,3.8265e+05,-26260,0
2226,3.8267e+05,-26258,0
2227,3.8269e+05,-26255,0
2228,3.8271e+05,-26253,0
2229,3.8273e+05,-26250,0
2230,3.8275e+05,-26248,0
2231,3.8277e+05,-26245,0
2232,3.8279e+05,-26243,0
2233,3.8281e+05,-26240,0
2234,3.8283e+05,-26238,0
2235,3.8285e+05,-26235,0
2236,3.8287e+05,-26233,0
2237,3.8289e+05,-26230,0
2238,3.8291e+05,-26227,0
2239,3.8293e+05,-26225,0
2240,3.8295e+05,-26222,0
2241,3.8297e+05,-26220,0
2242,3.8299e+05,-26217,0
2243,3.8301e+05,-26214,0
2244,3.8303e+05,-26211,0
2245,3.8305e+05,-26209,0
2246,3.8307e+05,-26206,0
2247,3.8309e+05,-26203,0
2248,3.8311e+05,-26200,0
2249,3.8313e+05,-26198,0
2250,3.8315e+05,-26195,0
2251,3.8317e+05,-26192,0
2252,3.8319e+05,-26189,0
2253,3.8321e+05,-26186,0
2254,3.8323e+05,-26183,0
2255,3.8325e+05,-26180,0
2256,3.8327e+05,-26177,0
2257,3.8329e+05,-26174,0
2258,3.8331e+05,-26171,0
2259,3.8333e+05,-26168,0
2260,3.8335e+05,-26165,0
2261,3.8337e+05,-26162,0
2262,3.8339e+05,-26159,0
2263,3.8341e+05,-26156,0
2264,3.8343e+05,-26153,0
2265,3.8345e+05,-26150,0
2266,3.8347e+05,-26147,0
2267,3.8349e+05,-26144,0
2268,3.8352e+05,-26141,0
2269,3.8354e+05,-26138,0
2270,3.8356e+05,-26134,0
2271,3.8358e+05,-26131,0
2272,3.836e+05,-26128,0
2273,3.8362e+05,-26125,0
2274,3.8364e+05,-26121,0
2275,3.8366e+05,-26118,0
2276,3.8368e+05,-26115,0
2277,3.837e+05,-26111,0
2278,3.8372e+05,-26108,0
2279,3.8374e+05,-26105,0
2280,3.8376e+05,-26101,0
2281,3.8378e+05,-26098,0
2282,3.838e+05,-26095,0
2283,3.8382e+05,-26091,0
2284,3.8384e+05,-26088,0
2285,3.8386e+05,-26084,0
2286,3.8388e+05,-26081,0
2287,3.839e+05,-26077,0
2288,3.8392e+05,-26074,0
2289,3.8394e+05,-26070,0
2290,3.8396e+05,-26067,0
2291,3.8398e+05,-26063,0
2292,3.84e+05,-26059,0
2293,3.8402e+05,-26056,0
2294,3.8404e+05,-26052,0
2295,3.8406e+05,-26048,0
2296,3.8408e+05,-26045,0
2297,3.841e+05,-26041,0
2298,3.8412e+05,-26037,0
2299,3.8414e+05,-26034,0
2300,3.8416e+05,-26030,0
2301,3.8418e+05,-26026,0
2302,3.842e+05,-26022,0
2303,3.8422e+05,-26018,0
2304,3.8424e+05,-26015,0
2305,3.8426e+05,-26011,0
2306,3.8428e+05,-26007,0
2307,3.843e+05,-26003,0
2308,3.8432e+05,-25999,0
2309,3.8434e+05,-25995,0
2310,3.8436e+05,-25991,0
2311,3.8439e+05,-25987,0
2312,3.8441e+05,-25983,0
2313,3.8443e+05,-25979,0
2314,3.8445e+05,-25975,0
2315,3.8447e+05,-25971,0
2316,3.8449e+05,-25967,0
2317,3.8451e+05,-25963,0
2318,3.8453e+05,-25959,0
2319,3.8455e+05,-25955,0
2320,3.8457e+05,-25951,0
2321,3.8459e+05,-25947,0
2322,3.8461e+05,-25943,0
2323,3.8463e+05,-25938,0
2324,3.8465e+05,-25934,0
2325,3.8467e+05,-25930,0
2326,3.8469e+05,-25926,0
2327,3.8471e+05,-25921,0
2328,3.8473e+05,-25917,0
2329,3.8475e+05,-25913,0
2330,3.8477e+05,-25909,0
2331,3.8479e+05,-25904,0
2332,3.8481e+05,-25900,0
2333,3.8483e+05,-25896,0
2334,3.8485e+05,-25891,0
2335,3.8487e+05,-25887,0
2336,3.8489e+05,-25882,0
2337,3.8491e+05,-25878,0
2338,3.8493e+05,-25873,0
2339,3.8495e+05,-25869,0
2340,3.8497e+05,-25864,0
2341,3.8499e+05,-25860,0
2342,3.8501e+05,-25855,0
2343,3.8503e+05,-25851,0
2344,3.8505e+05,-25846,0
2345,3.8507e+05,-25842,0
2346,3.851e+05,-25837,0
2347,3.8512e+05,-25832,0
2348,3.8514e+05,-25828,0
2349,3.8516e+05,-25823,0
2350,3.8518e+05,-25818,0
2351,3.852e+05,-25814,0
2352,3.8522e+05,-25809,0
2353,3.8524e+05,-25804,0
2354,3.8526e+05,-25799,0
2355,3.8528e+05,-25795,0
2356,3.853e+05,-25790,0
2357,3.8532e+05,-25785,0
2358,3.8534e+05,-25780,0
2359,3.8536e+05,-25775,0
2360,3.8538e+05,-25770,0
2361,3.854e+05,-25765,0
2362,3.8542e+05,-25761,0
2363,3.8544e+05,-25756,0
2364,3.8546e+05,-25751,0
2365,3.8548e+05,-25746,0
2366,3.855e+05,-25741,0
2367,3.8552e+05,-25736,0
2368,3.8554e+05,-25731,0
2369,3.8556e+05,-25726,0
2370,3.8558e+05,-25721,0
2371,3.856e+05,-25715,0
2372,3.8562e+05,-25710,0
2373,3.8564e+05,-25705,0
2374,3.8566e+05,-25700,0
2375,3.8568e+05,-25695,0
2376,3.857e+05,-25690,0
2377,3.8573e+05,-25684,0
2378,3.8575e+05,-25679,0
2379,3.8577e+05,-25674,0
2380,3.8579e+05,-25669,0
2381,3.8581e+05,-25663,0
2382,3.8583e+05,-25658,0
2383,3.8585e+05,-25653,0
2384,3.8587e+05,-25647,0
2385,3.8589e+05,-25642,0
2386,3.8591e+05,-25637,0
2387,3.8593e+05,-25631,0
2388,3.8595e+05,-25626,0
2389,3.8597e+05,-25620,0
2390,3.8599e+05,-25615,0
2391,3.8601e+05,-25610,0
2392,3.8603e+05,-25604,0
2393,3.8605e+05,-25599,0
2394,3.8607e+05,-25593,0
2395,3.8609e+05,-25587,0
2396,3.8611e+05,-25582,0
2397,3.8613e+05,-25576,0
2398,3.8615e+05,-25571,0
2399,3.8617e+05,-25565,0
2400,3.8619e+05,-25559,0
2401,3.8621e+05,-25554,0
2402,3.8623e+05,-25548,0
2403,3.8625e+05,-25542,0
2404,3.8627e+05,-25537,0
2405,3.8629e+05,-25531,0
2406,3.8631e+05,-25525,0
2407,3.8633e+05,-25519,0
2408,3.8636e+05,-25513,0
2409,3.8638e+05,-25508,0
2410,3.864e+05,-25502,0
2411,3.8642e+05,-25496,0
2412,3.8644e+05,-25490,0
2413,3.8646e+05,-25484,0
2414,3.8648e+05,-25478,0
2415,3.865e+05,-25472,0
2416,3.8652e+05,-25466,0
2417,3.8654e+05,-25460,0
2418,3.8656e+05,-25454,0
2419,3.8658e+05,-25448,0
2420,3.866e+05,-25442,0
2421,3.8662e+05,-25436,0
2422,3.8664e+05,-25430,0
2423,3.8666e+05,-25424,0
2424,3.8668e+05,-25418,0
2425,3.867e+05,-25412,0
2426,3.8672e+05,-25406,0
2427,3.8674e+05,-25399,0
2428,3.8676e+05,-25393,0
2429,3.8678e+05,-25387,0
2430,3.868e+05,-25381,0
2431,3.8682e+05,-25375,0
2432,3.8684e+05,-25368,0
2433,3.8686e+05,-25362,0
2434,3.8688e+05,-25356,0
2435,3.869e+05,-25349,0
2436,3.8692e+05,-25343,0
2437,3.8694e+05,-25337,0
2438,3.8697e+05,-25330,0
2439,3.8699e+05,-25324,0
2440,3.8701e+05,-25317,0
2441,3.8703e+05,-25311,0
2442,3.8705e+05,-25304,0
2443,3.8707e+05,-25298,0
2444,3.8709e+05,-25291,0
2445,3.8711e+05,-25285,0
2446,3.8713e+05,-25278,0
2447,3.8715e+05,-25272,0
2448,3.8717e+05,-25265,0
2449,3.8719e+05,-25259,0
2450,3.8721e+05,-25252,0
2451,3.8723e+05,-25245,0
2452,3.8725e+05,-25239,0
2453,3.8727e+05,-25232,0
2454,3.8729e+05,-25225,0
2455,3.8731e+05,-25219,0
2456,3.8733e+05,-25212,0
2457,3.8735e+05,-25205,0
2458,3.8737e+05,-25198,0
2459,3.8739e+05,-25191,0
2460,3.8741e+05,-25185,0
2461,3.8743e+05,-25178,0
2462,3.8745e+05,-25171,0
2463,3.8747e+05,-25164,0
2464,3.8749e+05,-25157,0
2465,3.8751e+05,-25150,0
2466,3.8753e+05,-25143,0
2467,3.8755e+05,-25136,0
2468,3.8757e+05,-25129,0
2469,3.876e+05,-25122,0
2470,3.8762e+05,-25115,0
2471,3.8764e+05,-25108,0
2472,3.8766e+05,-25101,0
2473,3.8768e+05,-25094,0
2474,3.877e+05,-25087,0
2475,3.8772e+05,-25080,0
2476,3.8774e+05,-25073,0
2477,3.8776e+05,-25066,0
2478,3.8778e+05,-25058,0
2479,3.878e+05,-25051,0
2480,3.8782e+05,-25044,0
2481,3.8784e+05,-25037,0
2482,3.8786e+05,-25030,0
2483,3.8788e+05,-25022,0
2484,3.879e+05,-25015,0
2485,3.8792e+05,-25008,0
2486,3.8794e+05,-25000,0
2487,3.8796e+05,-24993,0
2488,3.8798e+05,-24986,0
2489,3.88e+05,-24978,0
2490,3.8802e+05,-24971,0
2491,3.8804e+05,-24963,0
2492,3.8806e+05,-24956,0
2493,3.8808e+05,-24948,0
2494,3.881e+05,-24941,0
2495,3.8812e+05,-24933,0
2496,3.8814e+05,-24926,0
2497,3.8816e+05,-24918,0
2498,3.8818e+05,-24911,0
2499,3.882e+05,-24903,0
2500,3.8822e+05,-24895,0
2501,3.8824e+05,-24888,0
2502,3.8826e+05,-24880,0
2503,3.8829e+05,-24872,0
2504,3.8831e+05,-24865,0
2505,3.8833e+05,-24857,0
2506,3.8835e+05,-24849,0
2507,3.8837e+05,-24842,0
2508,3.8839e+05,-24834,0
2509,3.8841e+05,-24826,0
2510,3.8843e+05,-24818,0
2511,3.8845e+05,-24810,0
2512,3.8847e+05,-24802,0
2513,3.8849e+05,-24795,0
2514,3.8851e+05,-24787,0
2515,3.8853e+05,-24779,0
2516,3.8855e+05,-24771,0
2517,3.8857e+05,-24763,0
2518,3.8859e+05,-24755,0
2519,3.8861e+05,-24747,0
2520,3.8863e+05,-24739,0
2521,3.8865e+05,-24731,0
2522,3.8867e+05,-24723,0
2523,3.8869e+05,-24715,0
2524,3.8871e+05,-24707,0
2525,3.8873e+05,-24698,0
2526,3.8875e+05,-24690,0
2527,3.8877e+05,-24682,0
2528,3.8879e+05,-24674,0
2529,3.8881e+05,-24666,0
2530,3.8883e+05,-24658,0
2531,3.8885e+05,-24649,0
2532,3.8887e+05,-24641,0
2533,3.8889e+05,-24633,0
2534,3.8891e+05,-24624,0
2535,3.8893e+05,-24616,0
2536,3.8895e+05,-24608,0
2537,3.8897e+05,-24599,0
2538,3.8899e+05,-24591,0
2539,3.8901e+05,-24583,0
2540,3.8903e+05,-24574,0
2541,3.8905e+05,-24566,0
2542,3.8907e+05,-24557,0
2543,3.8909e+05,-24549,0
2544,3.8911e+05,-24540,0
2545,3.8914e+05,-24532,0
2546,3.8916e+05,-24523,0
2547,3.8918e+05,-24515,0
2548,3.892e+05,-24506,0
2549,3.8922e+05,-24497,0
2550,3.8924e+05,-24489,0
2551,3.8926e+05,-24480,0
2552,3.8928e+05,-24472,0
2553,3.893e+05,-24463,0
2554,3.8932e+05,-24454,0
2555,3.8934e+05,-24445,0
2556,3.8936e+05,-24437,0
2557,3.8938e+05,-24428,0
2558,3.894e+05,-24419,0
2559,3.8942e+05,-24410,0
2560,3.8944e+05,-24401,0
2561,3.8946e+05,-24393,0
2562,3.8948e+05,-24384,0
2563,3.895e+05,-24375,0
2564,3.8952e+05,-24366,0
2565,3.8954e+05,-24357,0
2566,3.8956e+05,-24348,0
2567,3.8958e+05,-24339,0
2568,3.896e+05,-24330,0
2569,3.8962e+05,-24321,0
2570,3.8964e+05,-24312,0
2571,3.8966e+05,-24303,0
2572,3.8968e+05,-24294,0
2573,3.897e+05,-24285,0
2574,3.8972e+05,-24276,0
2575,3.8974e+05,-24267,0
2576,3.8976e+05,-24257,0
2577,3.8978e+05,-24248,0
2578,3.898e+05,-24239,0
2579,3.8982e+05,-24230,0
2580,3.8984e+05,-24221,0
2581,3.8986e+05,-24211,0
2582,3.8988e+05,-24202,0
2583,3.899e+05,-24193,0
2584,3.8992e+05,-24183,0
2585,3.8994e+05,-24174,0
2586,3.8996e+05,-24165,0
2587,3.8998e+05,-24155,0
2588,3.9e+05,-24146,0
2589,3.9002e+05,-24137,0
2590,3.9004e+05,-24127,0
2591,3.9006e+05,-24118,0
2592,3.9008e+05,-24108,0
2593,3.901e+05,-24099,0
2594,3.9012e+05,-24089,0
2595,3.9014e+05,-24080,0
2596,3.9016e+05,-24070,0
2597,3.9018e+05,-24060,0
2598,3.902e+05,-24051,0
2599,3.9022e+05,-24041,0
2600,3.9024e+05,-24031,0
2601,3.9026e+05,-24022,0
2602,3.9028e+05,-24012,0
2603,3.903e+05,-24002,0
2604,3.9032e+05,-23993,0
2605,3.9034e+05,-23983,0
2606,3.9036e+05,-23973,0
2607,3.9038e+05,-23963,0
2608,3.904e+05,-23954,0
2609,3.9042e+05,-23944,0
2610,3.9044e+05,-23934,0
2611,3.9046e+05,-23924,0
2612,3.9048e+05,-23914,0
2613,3.905e+05,-23904,0
2614,3.9052e+05,-23894,0
2615,3.9054e+05,-23884,0
2616,3.9056e+05,-23874,0
2617,3.9058e+05,-23864,0
2618,3.906e+05,-23854,0
2619,3.9062e+05,-23844,0
2620,3.9064e+05,-23834,0
2621,3.9066e+05,-23824,0
2622,3.9068e+05,-23814,0
2623,3.907e+05,-23804,0
2624,3.9072e+05,-23794,0
2625,3.9074e+05,-23784,0
2626,3.9076e+05,-23773,0
2627,3.9078e+05,-23763,0
2628,3.908e+05,-23753,0
2629,3.9082e+05,-23743,0
2630,3.9084e+05,-23732,0
2631,3.9086e+05,-23722,0
2632,3.9088e+05,-23712,0
2633,3.909e+05,-23701,0
2634,3.9092e+05,-23691,0
2635,3.9094e+05,-23681,0
2636,3.9096e+05,-23670,0
2637,3.9098e+05,-23660,0
2638,3.91e+05,-23650,0
2639,3.9102e+05,-23639,0
2640,3.9104e+05,-23629,0
2641,3.9106e+05,-23618,0
2642,3.9108e+05,-23608,0
2643,3.911e+05,-23597,0
2644,3.9112e+05,-23586,0
2645,3.9114e+05,-23576,0
2646,3.9116e+05,-23565,0
2647,3.9118e+05,-23555,0
2648,3.912e+05,-23544,0
2649,3.9122e+05,-23533,0
2650,3.9124e+05,-23523,0
2651,3.9126e+05,-23512,0
2652,3.9128e+05,-23501,0
2653,3.913e+05,-23490,0
2654,3.9132e+05,-23480,0
2655,3.9134e+05,-23469,0
2656,3.9136e+05,-23458,0
2657,3.9138e+05,-23447,0
2658,3.914e+05,-23436,0
2659,3.9142e+05,-23426,0
2660,3.9144e+05,-23415,0
2661,3.9146e+05,-23404,0
2662,3.9148e+05,-23393,0
2663,3.915e+05,-23382,0
2664,3.9152e+05,-23371,0
2665,3.9154e+05,-23360,0
2666,3.9156e+05,-23349,0
2667,3.9158e+05,-23338,0
2668,3.916e+05,-23327,0
2669,3.9162e+05,-23316,0
2670,3.9164e+05,-23305,0
2671,3.9166e+05,-23293,0
2672,3.9168e+05,-23282,0
2673,3.917e+05,-23271,0
2674,3.9172e+05,-23260,0
2675,3.9174e+05,-23249,0
2676,3.9176e+05,-23238,0
2677,3.9178e+05,-23226,0
2678,3.918e+05,-23215,0
2679,3.9182e+05,-23204,0
2680,3.9184e+05,-23192,0
2681,3.9186e+05,-23181,0
2682,3.9188e+05,-23170,0
2683,3.919e+05,-23158,0
2684,3.9191e+05,-23147,0
2685,3.9193e+05,-23136,0
2686,3.9195e+05,-23124,0
2687,3.9197e+05,-23113,0
2688,3.9199e+05,-23101,0
2689,3.9201e+05,-23090,0
2690,3.9203e+05,-23078,0
2691,3.9205e+05,-23067,0
2692,3.9207e+05,-23055,0
2693,3.9209e+05,-23043,0
2694,3.9211e+05,-23032,0
2695,3.9213e+05,-23020,0
2696,3.9215e+05,-23009,0
2697,3.9217e+05,-22997,0
2698,3.9219e+05,-22985,0
2699,3.9221e+05,-22973,0
2700,3.9223e+05,-22962,0
2701,3.9225e+05,-22950,0
2702,3.9227e+05,-22938,0
2703,3.9229e+05,-22926,0
2704,3.9231e+05,-22915,0
2705,3.9233e+05,-22903,0
2706,3.9235e+05,-22891,0
2707,3.9237e+05,-22879,0
2708,3.9239e+05,-22867,0
2709,3.9241e+05,-22855,0
2710,3.9243e+05,-22843,0
2711,3.9245e+05,-22831,0
2712,3.9247e+05,-22819,0
2713,3.9249e+05,-22807,0
2714,3.925e+05,-22795,0
2715,3.9252e+05,-22783,0
2716,3.9254e+05,-22771,0
2717,3.9256e+05,-22759,0
2718,3.9258e+05,-22747,0
2719,3.926e+05,-22735,0
2720,3.9262e+05,-22723,0
2721,3.9264e+05,-22711,0
2722,3.9266e+05,-22698,0
2723,3.9268e+05,-22686,0
2724,3.927e+05,-22674,0
2725,3.9272e+05,-22662,0
2726,3.9274e+05,-22649,0
2727,3.9276e+05,-22637,0
2728,3.9278e+05,-22625,0
2729,3.928e+05,-22612,0
2730,3.9282e+05,-22600,0
2731,3.9284e+05,-22588,0
2732,3.9286e+05,-22575,0
2733,3.9288e+05,-22563,0
2734,3.929e+05,-22550,0
2735,3.9291e+05,-22538,0
2736,3.9293e+05,-22525,0
2737,3.9295e+05,-22513,0
2738,3.9297e+05,-22500,0
2739,3.9299e+05,-22488,0
2740,3.9301e+05,-22475,0
2741,3.9303e+05,-22463,0
2742,3.9305e+05,-22450,0
2743,3.9307e+05,-22437,0
2744,3.9309e+05,-22425,0
2745,3.9311e+05,-22412,0
2746,3.9313e+05,-22399,0
2747,3.9315e+05,-22387,0
2748,3.9317e+05,-22374,0
2749,3.9319e+05,-22361,0
2750,3.9321e+05,-22348,0
2751,3.9323e+05,-22335,0
2752,3.9325e+05,-22323,0
2753,3.9326e+05,-22310,0
2754,3.9328e+05,-22297,0
2755,3.933e+05,-22284,0
2756,3.9332e+05,-22271,0
2757,3.9334e+05,-22258,0
2758,3.9336e+05,-22245,0
2759,3.9338e+05,-22232,0
2760,3.934e+05,-22219,0
2761,3.9342e+05,-22206,0
2762,3.9344e+05,-22193,0
2763,3.9346e+05,-22180,0
2764,3.9348e+05,-22167,0
2765,3.935e+05,-22154,0
2766,3.9352e+05,-22141,0
2767,3.9353e+05,-22128,0
2768,3.9355e+05,-22114,0
2769,3.9357e+05,-22101,0
2770,3.9359e+05,-22088,0
2771,3.9361e+05,-22075,0
2772,3.9363e+05,-22062,0
2773,3.9365e+05,-22048,0
2774,3.9367e+05,-22035,0
2775,3.9369e+05,-22022,0
2776,3.9371e+05,-22008,0
2777,3.9373e+05,-21995,0
2778,3.9375e+05,-21982,0
2779,3.9377e+05,-21968,0
2780,3.9378e+05,-21955,0
2781,3.938e+05,-21941,0
2782,3.9382e+05,-21928,0
2783,3.9384e+05,-21914,0
2784,3.9386e+05,-21901,0
2785,3.9388e+05,-21887,0
2786,3.939e+05,-21874,0
2787,3.9392e+05,-21860,0
2788,3.9394e+05,-21847,0
2789,3.9396e+05,-21833,0
2790,3.9398e+05,-21819,0
2791,3.94e+05,-21806,0
2792,3.9401e+05,-21792,0
2793,3.9403e+05,-21778,0
2794,3.9405e+05,-21765,0
2795,3.9407e+05,-21751,0
2796,3.9409e+05,-21737,0
2797,3.9411e+05,-21723,0
2798,3.9413e+05,-21709,0
2799,3.9415e+05,-21696,0
2800,3.9417e+05,-21682,0
2801,3.9419e+05,-21668,0
2802,3.9421e+05,-21654,0
2803,3.9422e+05,-21640,0
2804,3.9424e+05,-21626,0
2805,3.9426e+05,-21612,0
2806,3.9428e+05,-21598,0
2807,3.943e+05,-21584,0
2808,3.9432e+05,-21570,0
2809,3.9434e+05,-21556,0
2810,3.9436e+05,-21542,0
2811,3.9438e+05,-21528,0
2812,3.944e+05,-21514,0
2813,3.9441e+05,-21500,0
2814,3.9443e+05,-21486,0
2815,3.9445e+05,-21471,0
2816,3.9447e+05,-21457,0
2817,3.9449e+05,-21443,0
2818,3.9451e+05,-21429,0
2819,3.9453e+05,-21415,0
2820,3.9455e+05,-21400,0
2821,3.9457e+05,-21386,0
2822,3.9458e+05,-21372,0
2823,3.946e+05,-21357,0
2824,3.9462e+05,-21343,0
2825,3.9464e+05,-21329,0
2826,3.9466e+05,-21314,0
2827,3.9468e+05,-21300,0
2828,3.947e+05,-21285,0
2829,3.9472e+05,-21271,0
2830,3.9474e+05,-21256,0
2831,3.9475e+05,-21242,0
2832,3.9477e+05,-21227,0
2833,3.9479e+05,-21213,0
2834,3.9481e+05,-21198,0
2835,3.9483e+05,-21184,0
2836,3.9485e+05,-21169,0
2837,3.9487e+05,-21154,0
2838,3.9489e+05,-21140,0
2839,3.949e+05,-21125,0
2840,3.9492e+05,-21110,0
2841,3.9494e+05,-21096,0
2842,3.9496e+05,-21081,0
2843,3.9498e+05,-21066,0
2844,3.95e+05,-21051,0
2845,3.9502e+05,-21036,0
2846,3.9504e+05,-21022,0
2847,3.9505e+05,-21007,0
2848,3.9507e+05,-20992,0
2849,3.9509e+05,-20977,0
2850,3.9511e+05,-20962,0
2851,3.9513e+05,-20947,0
2852,3.9515e+05,-20932,0
2853,3.9517e+05,-20917,0
2854,3.9518e+05,-20902,0
2855,3.952e+05,-20887,0
2856,3.9522e+05,-20872,0
2857,3.9524e+05,-20857,0
2858,3.9526e+05,-20842,0
2859,3.9528e+05,-20827,0
2860,3.953e+05,-20812,0
2861,3.9532e+05,-20797,0
2862,3.9533e+05,-20781,0
2863,3.9535e+05,-20766,0
2864,3.9537e+05,-20751,0
2865,3.9539e+05,-20736,0
2866,3.9541e+05,-20721,0
2867,3.9543e+05,-20705,0
2868,3.9544e+05,-20690,0
2869,3.9546e+05,-20675,0
2870,3.9548e+05,-20659,0
2871,3.955e+05,-20644,0
2872,3.9552e+05,-20629,0
2873,3.9554e+05,-20613,0
2874,3.9556e+05,-20598,0
2875,3.9557e+05,-20582,0
2876,3.9559e+05,-20567,0
2877,3.9561e+05,-20551,0
2878,3.9563e+05,-20536,0
2879,3.9565e+05,-20520,0
2880,3.9567e+05,-20505,0
2881,3.9568e+05,-20489,0
2882,3.957e+05,-20473,0
2883,3.9572e+05,-20458,0
2884,3.9574e+05,-20442,0
2885,3.9576e+05,-20427,0
2886,3.9578e+05,-20411,0
2887,3.9579e+05,-20395,0
2888,3.9581e+05,-20379,0
2889,3.9583e+05,-20364,0
2890,3.9585e+05,-20348,0
2891,3.9587e+05,-20332,0
2892,3.9589e+05,-20316,0
2893,3.959e+05,-20301,0
2894,3.9592e+05,-20285,0
2895,3.9594e+05,-20269,0
2896,3.9596e+05,-20253,0
2897,3.9598e+05,-20237,0
2898,3.96e+05,-20221,0
2899,3.9601e+05,-20205,0
2900,3.9603e+05,-20189,0
2901,3.9605e+05,-20173,0
2902,3.9607e+05,-20157,0
2903,3.9609e+05,-20141,0
2904,3.961e+05,-20125,0
2905,3.9612e+05,-20109,0
2906,3.9614e+05,-20093,0
2907,3.9616e+05,-20077,0
2908,3.9618e+05,-20060,0
2909,3.962e+05,-20044,0
2910,3.9621e+05,-20028,0
2911,3.9623e+05,-20012,0
2912,3.9625e+05,-19996,0
2913,3.9627e+05,-19979,0
2914,3.9629e+05,-19963,0
2915,3.963e+05,-19947,0
2916,3.9632e+05,-19930,0
2917,3.9634e+05,-19914,0
2918,3.9636e+05,-19898,0
2919,3.9638e+05,-19881,0
2920,3.9639e+05,-19865,0
2921,3.9641e+05,-19849,0
2922,3.9643e+05,-19832,0
2923,3.9645e+05,-19816,0
2924,3.9647e+05,-19799,0
2925,3.9648e+05,-19783,0
2926,3.965e+05,-19766,0
2927,3.9652e+05,-19750,0
2928,3.9654e+05,-19733,0
2929,3.9656e+05,-19716,0
2930,3.9657e+05,-19700,0
2931,3.9659e+05,-19683,0
2932,3.9661e+05,-19666,0
2933,3.9663e+05,-19650,0
2934,3.9665e+05,-19633,0
2935,3.9666e+05,-19616,0
2936,3.9668e+05,-19600,0
2937,3.967e+05,-19583,0
2938,3.9672e+05,-19566,0
2939,3.9673e+05,-19549,0
2940,3.9675e+05,-19532,0
2941,3.9677e+05,-19516,0
2942,3.9679e+05,-19499,0
2943,3.9681e+05,-19482,0
2944,3.9682e+05,-19465,0
2945,3.9684e+05,-19448,0
2946,3.9686e+05,-19431,0
2947,3.9688e+05,-19414,0
2948,3.9689e+05,-19397,0
2949,3.9691e+05,-19380,0
2950,3.9693e+05,-19363,0
2951,3.9695e+05,-19346,0
2952,3.9697e+05,-19329,0
2953,3.9698e+05,-19312,0
2954,3.97e+05,-19295,0
2955,3.9702e+05,-19277,0
2956,3.9704e+05,-19260,0
2957,3.9705e+05,-19243,0
2958,3.9707e+05,-19226,0
2959,3.9709e+05,-19209,0
2960,3.9711e+05,-19191,0
2961,3.9712e+05,-19174,0
2962,3.9714e+05,-19157,0
2963,3.9716e+05,-19139,0
2964,3.9718e+05,-19122,0
2965,3.9719e+05,-19105,0
2966,3.9721e+05,-19087,0
2967,3.9723e+05,-19070,0
2968,3.9725e+05,-19053,0
2969,3.9726e+05,-19035,0
2970,3.9728e+05,-19018,0
2971,3.973e+05,-19000,0
2972,3.9732e+05,-18983,0
2973,3.9733e+05,-18965,0
2974,3.9735e+05,-18948,0
2975,3.9737e+05,-18930,0
2976,3.9739e+05,-18912,0
2977,3.974e+05,-18895,0
2978,3.9742e+05,-18877,0
2979,3.9744e+05,-18859,0
2980,3.9746e+05,-18842,0
2981,3.9747e+05,-18824,0
2982,3.9749e+05,-18806,0
2983,3.9751e+05,-18789,0
2984,3.9752e+05,-18771,0
2985,3.9754e+05,-18753,0
2986,3.9756e+05,-18735,0
2987,3.9758e+05,-18717,0
2988,3.9759e+05,-18700,0
2989,3.9761e+05,-18682,0
2990,3.9763e+05,-18664,0
2991,3.9765e+05,-18646,0
2992,3.9766e+05,-18628,0
2993,3.9768e+05,-18610,0
2994,3.977e+05,-18592,0
2995,3.9771e+05,-18574,0
2996,3.9773e+05,-18556,0
2997,3.9775e+05,-18538,0
2998,3.9777e+05,-18520,0
2999,3.9778e+05,-18502,0
3000,3.978e+05,-18484,0
3001,3.9782e+05,-18466,0
3002,3.9783e+05,-18448,0
3003,3.9785e+05,-18429,0
3004,3.9787e+05,-18411,0
3005,3.9789e+05,-18393,0
3006,3.979e+05,-18375,0
3007,3.9792e+05,-18357,0
3008,3.9794e+05,-18338,0
3009,3.9795e+05,-18320,0
3010,3.9797e+05,-18302,0
3011,3.9799e+05,-18283,0
3012,3.98e+05,-18265,0
3013,3.9802e+05,-18247,0
3014,3.9804e+05,-18228,0
3015,3.9805e+05,-18210,0
3016,3.9807e+05,-18192,0
3017,3.9809e+05,-18173,0
3018,3.9811e+05,-18155,0
3019,3.9812e+05,-18136,0
3020,3.9814e+05,-18118,0
3021,3.9816e+05,-18099,0
3022,3.9817e+05,-18081,0
3023,3.9819e+05,-18062,0
3024,3.9821e+05,-18043,0
3025,3.9822e+05,-18025,0
3026,3.9824e+05,-18006,0
3027,3.9826e+05,-17987,0
3028,3.9827e+05,-17969,0
3029,3.9829e+05,-17950,0
3030,3.9831e+05,-17931,0
3031,3.9832e+05,-17913,0
3032,3.9834e+05,-17894,0
3033,3.9836e+05,-17875,0
3034,3.9837e+05,-17856,0
3035,3.9839e+05,-17837,0
3036,3.9841e+05,-17819,0
3037,3.9842e+05,-17800,0
3038,3.9844e+05,-17781,0
3039,3.9846e+05,-17762,0
3040,3.9847e+05,-17743,0
3041,3.9849e+05,-17724,0
3042,3.9851e+05,-17705,0
3043,3.9852e+05,-17686,0
3044,3.9854e+05,-17667,0
3045,3.9856e+05,-17648,0
3046,3.9857e+05,-17629,0
3047,3.9859e+05,-17610,0
3048,3.9861e+05,-17591,0
3049,3.9862e+05,-17572,0
3050,3.9864e+05,-17553,0
3051,3.9866e+05,-17533,0
3052,3.9867e+05,-17514,0
3053,3.9869e+05,-17495,0
3054,3.987e+05,-17476,0
3055,3.9872e+05,-17457,0
3056,3.9874e+05,-17437,0
3057,3.9875e+05,-17418,0
3058,3.9877e+05,-17399,0
3059,3.9879e+05,-17379,0
3060,3.988e+05,-17360,0
3061,3.9882e+05,-17341,0
3062,3.9883e+05,-17321,0
3063,3.9885e+05,-17302,0
3064,3.9887e+05,-17283,0
3065,3.9888e+05,-17263,0
3066,3.989e+05,-17244,0
3067,3.9892e+05,-17224,0
3068,3.9893e+05,-17205,0
3069,3.9895e+05,-17185,0
3070,3.9896e+05,-17166,0
3071,3.9898e+05,-17146,0
3072,3.99e+05,-17127,0
3073,3.9901e+05,-17107,0
3074,3.9903e+05,-17087,0
3075,3.9905e+05,-17068,0
3076,3.9906e+05,-17048,0
3077,3.9908e+05,-17028,0
3078,3.9909e+05,-17009,0
3079,3.9911e+05,-16989,0
3080,3.9913e+05,-16969,0
3081,3.9914e+05,-16949,0
3082,3.9916e+05,-16930,0
3083,3.9917e+05,-16910,0
3084,3.9919e+05,-16890,0
3085,3.9921e+05,-16870,0
3086,3.9922e+05,-16850,0
3087,3.9924e+05,-16830,0
3088,3.9925e+05,-16810,0
3089,3.9927e+05,-16791,0
3090,3.9928e+05,-16771,0
3091,3.993e+05,-16751,0
3092,3.9932e+05,-16731,0
3093,3.9933e+05,-16711,0
3094,3.9935e+05,-16691,0
3095,3.9936e+05,-16671,0
3096,3.9938e+05,-16650,0
3097,3.994e+05,-16630,0
3098,3.9941e+05,-16610,0
3099,3.9943e+05,-16590,0
3100,3.9944e+05,-16570,0
3101,3.9946e+05,-16550,0
3102,3.9947e+05,-16530,0
3103,3.9949e+05,-16509,0
3104,3.9951e+05,-16489,0
3105,3.9952e+05,-16469,0
3106,3.9954e+05,-16449,0
3107,3.9955e+05,-16428,0
3108,3.9957e+05,-16408,0
3109,3.9958e+05,-16388,0
3110,3.996e+05,-16367,0
3111,3.9961e+05,-16347,0
3112,3.9963e+05,-16327,0
3113,3.9965e+05,-16306,0
3114,3.9966e+05,-16286,0
3115,3.9968e+05,-16265,0
3116,3.9969e+05,-16245,0
3117,3.9971e+05,-16224,0
3118,3.9972e+05,-16204,0
3119,3.9974e+05,-16183,0
3120,3.9975e+05,-16163,0
3121,3.9977e+05,-16142,0
3122,3.9978e+05,-16122,0
3123,3.998e+05,-16101,0
3124,3.9982e+05,-16080,0
3125,3.9983e+05,-16060,0
3126,3.9985e+05,-16039,0
3127,3.9986e+05,-16018,0
3128,3.9988e+05,-15998,0
3129,3.9989e+05,-15977,0
3130,3.9991e+05,-15956,0
3131,3.9992e+05,-15936,0
3132,3.9994e+05,-15915,0
3133,3.9995e+05,-15894,0
3134,3.9997e+05,-15873,0
3135,3.9998e+05,-15852,0
3136,4e+05,-15831,0
3137,4.0001e+05,-15811,0
3138,4.0003e+05,-15790,0
3139,4.0004e+05,-15769,0
3140,4.0006e+05,-15748,0
3141,4.0007e+05,-15727,0
3142,4.0009e+05,-15706,0
3143,4.001e+05,-15685,0
3144,4.0012e+05,-15664,0
3145,4.0013e+05,-15643,0
3146,4.0015e+05,-15622,0
3147,4.0016e+05,-15601,0
3148,4.0018e+05,-15580,0
3149,4.0019e+05,-15558,0
3150,4.0021e+05,-15537,0
3151,4.0022e+05,-15516,0
3152,4.0024e+05,-15495,0
3153,4.0025e+05,-15474,0
3154,4.0027e+05,-15453,0
3155,4.0028e+05,-15431,0
3156,4.003e+05,-15410,0
3157,4.0031e+05,-15389,0
3158,4.0033e+05,-15367,0
3159,4.0034e+05,-15346,0
3160,4.0036e+05,-15325,0
3161,4.0037e+05,-15303,0
3162,4.0039e+05,-15282,0
3163,4.004e+05,-15261,0
3164,4.0042e+05,-15239,0
3165,4.0043e+05,-15218,0
3166,4.0045e+05,-15196,0
3167,4.0046e+05,-15175,0
3168,4.0047e+05,-15153,0
3169,4.0049e+05,-15132,0
3170,4.005e+05,-15110,0
3171,4.0052e+05,-15089,0
3172,4.0053e+05,-15067,0
3173,4.0055e+05,-15046,0
3174,4.0056e+05,-15024,0
3175,4.0058e+05,-15003,0
3176,4.0059e+05,-14981,0
3177,4.0061e+05,-14959,0
3178,4.0062e+05,-14938,0
3179,4.0063e+05,-14916,0
3180,4.0065e+05,-14894,0
3181,4.0066e+05,-14872,0
3182,4.0068e+05,-14851,0
3183,4.0069e+05,-14829,0
3184,4.0071e+05,-14807,0
3185,4.0072e+05,-14785,0
3186,4.0073e+05,-14763,0
3187,4.0075e+05,-14742,0
3188,4.0076e+05,-14720,0
3189,4.0078e+05,-14698,0
3190,4.0079e+05,-14676,0
3191,4.0081e+05,-14654,0
3192,4.0082e+05,-14632,0
3193,4.0083e+05,-14610,0
3194,4.0085e+05,-14588,0
3195,4.0086e+05,-14566,0
3196,4.0088e+05,-14544,0
3197,4.0089e+05,-14522,0
3198,4.009e+05,-14500,0
3199,4.0092e+05,-14478,0
3200,4.0093e+05,-14456,0
3201,4.0095e+05,-14434,0
3202,4.0096e+05,-14412,0
3203,4.0097e+05,-14390,0
3204,4.0099e+05,-14367,0
3205,4.01e+05,-14345,0
3206,4.0102e+05,-14323,0
3207,4.0103e+05,-14301,0
3208,4.0104e+05,-14279,0
3209,4.0106e+05,-14256,0
3210,4.0107e+05,-14234,0
3211,4.0109e+05,-14212,0
3212,4.011e+05,-14189,0
3213,4.0111e+05,-14167,0
3214,4.0113e+05,-14145,0
3215,4.0114e+05,-14122,0
3216,4.0115e+05,-14100,0
3217,4.0117e+05,-14078,0
3218,4.0118e+05,-14055,0
3219,4.012e+05,-14033,0
3220,4.0121e+05,-14010,0
3221,4.0122e+05,-13988,0
3222,4.0124e+05,-13965,0
3223,4.0125e+05,-13943,0
3224,4.0126e+05,-13920,0
3225,4.0128e+05,-13898,0
3226,4.0129e+05,-13875,0
3227,4.013e+05,-13852,0
3228,4.0132e+05,-13830,0
3229,4.0133e+05,-13807,0
3230,4.0135e+05,-13785,0
3231,4.0136e+05,-13762,0
3232,4.0137e+05,-13739,0
3233,4.0139e+05,-13717,0
3234,4.014e+05,-13694,0
3235,4.0141e+05,-13671,0
3236,4.0143e+05,-13648,0
3237,4.0144e+05,-13626,0
3238,4.0145e+05,-13603,0
3239,4.0147e+05,-13580,0
3240,4.0148e+05,-13557,0
3241,4.0149e+05,-13534,0
3242,4.0151e+05,-13511,0
3243,4.0152e+05,-13489,0
3244,4.0153e+05,-13466,0
3245,4.0154e+05,-13443,0
3246,4.0156e+05,-13420,0
3247,4.0157e+05,-13397,0
3248,4.0158e+05,-13374,0
3249,4.016e+05,-13351,0
3250,4.0161e+05,-13328,0
3251,4.0162e+05,-13305,0
3252,4.0164e+05,-13282,0
3253,4.0165e+05,-13259,0
3254,4.0166e+05,-13236,0
3255,4.0168e+05,-13213,0
3256,4.0169e+05,-13190,0
3257,4.017e+05,-13166,0
3258,4.0171e+05,-13143,0
3259,4.0173e+05,-13120,0
3260,4.0174e+05,-13097,0
3261,4.0175e+05,-13074,0
3262,4.0177e+05,-13051,0
3263,4.0178e+05,-13027,0
3264,4.0179e+05,-13004,0
3265,4.018e+05,-12981,0
3266,4.0182e+05,-12957,0
3267,4.0183e+05,-12934,0
3268,4.0184e+05,-12911,0
3269,4.0186e+05,-12888,0
3270,4.0187e+05,-12864,0
3271,4.0188e+05,-12841,0
3272,4.0189e+05,-12817,0
3273,4.0191e+05,-12794,0
3274,4.0192e+05,-12771,0
3275,4.0193e+05,-12747,0
3276,4.0194e+05,-12724,0
3277,4.0196e+05,-12700,0
3278,4.0197e+05,-12677,0
3279,4.0198e+05,-12653,0
3280,4.0199e+05,-12630,0
3281,4.0201e+05,-12606,0
3282,4.0202e+05,-12583,0
3283,4.0203e+05,-12559,0
3284,4.0204e+05,-12535,0
3285,4.0206e+05,-12512,0
3286,4.0207e+05,-12488,0
3287,4.0208e+05,-12465,0
3288,4.0209e+05,-12441,0
3289,4.0211e+05,-12417,0
3290,4.0212e+05,-12393,0
3291,4.0213e+05,-12370,0
3292,4.0214e+05,-12346,0
3293,4.0215e+05,-12322,0
3294,4.0217e+05,-12299,0
3295,4.0218e+05,-12275,0
3296,4.0219e+05,-12251,0
3297,4.022e+05,-12227,0
3298,4.0221e+05,-12203,0
3299,4.0223e+05,-12179,0
3300,4.0224e+05,-12156,0
3301,4.0225e+05,-12132,0
3302,4.0226e+05,-12108,0
3303,4.0227e+05,-12084,0
3304,4.0229e+05,-12060,0
3305,4.023e+05,-12036,0
3306,4.0231e+05,-12012,0
3307,4.0232e+05,-11988,0
3308,4.0233e+05,-11964,0
3309,4.0235e+05,-11940,0
3310,4.0236e+05,-11916,0
3311,4.0237e+05,-11892,0
3312,4.0238e+05,-11868,0
3313,4.0239e+05,-11844,0
3314,4.0241e+05,-11820,0
3315,4.0242e+05,-11796,0
3316,4.0243e+05,-11772,0
3317,4.0244e+05,-11747,0
3318,4.0245e+05,-11723,0
3319,4.0246e+05,-11699,0
3320,4.0248e+05,-11675,0
3321,4.0249e+05,-11651,0
3322,4.025e+05,-11626,0
3323,4.0251e+05,-11602,0
3324,4.0252e+05,-11578,0
3325,4.0253e+05,-11554,0
3326,4.0254e+05,-11529,0
3327,4.0256e+05,-11505,0
3328,4.0257e+05,-11481,0
3329,4.0258e+05,-11456,0
3330,4.0259e+05,-11432,0
3331,4.026e+05,-11408,0
3332,4.0261e+05,-11383,0
3333,4.0262e+05,-11359,0
3334,4.0264e+05,-11334,0
3335,4.0265e+05,-11310,0
3336,4.0266e+05,-11286,0
3337,4.0267e+05,-11261,0
3338,4.0268e+05,-11237,0
3339,4.0269e+05,-11212,0
3340,4.027e+05,-11188,0
3341,4.0271e+05,-11163,0
3342,4.0273e+05,-11139,0
3343,4.0274e+05,-11114,0
3344,4.0275e+05,-11089,0
3345,4.0276e+05,-11065,0
3346,4.0277e+05,-11040,0
3347,4.0278e+05,-11016,0
3348,4.0279e+05,-10991,0
3349,4.028e+05,-10966,0
3350,4.0281e+05,-10942,0
3351,4.0282e+05,-10917,0
3352,4.0284e+05,-10892,0
3353,4.0285e+05,-10868,0
3354,4.0286e+05,-10843,0
3355,4.0287e+05,-10818,0
3356,4.0288e+05,-10793,0
3357,4.0289e+05,-10769,0
3358,4.029e+05,-10744,0
3359,4.0291e+05,-10719,0
3360,4.0292e+05,-10694,0
3361,4.0293e+05,-10669,0
3362,4.0294e+05,-10644,0
3363,4.0295e+05,-10620,0
3364,4.0296e+05,-10595,0
3365,4.0298e+05,-10570,0
3366,4.0299e+05,-10545,0
3367,4.03e+05,-10520,0
3368,4.0301e+05,-10495,0
3369,4.0302e+05,-10470,0
3370,4.0303e+05,-10445,0
3371,4.0304e+05,-10420,0
3372,4.0305e+05,-10395,0
3373,4.0306e+05,-10370,0
3374,4.0307e+05,-10345,0
3375,4.0308e+05,-10320,0
3376,4.0309e+05,-10295,0
3377,4.031e+05,-10270,0
3378,4.0311e+05,-10245,0
3379,4.0312e+05,-10220,0
3380,4.0313e+05,-10195,0
3381,4.0314e+05,-10170,0
3382,4.0315e+05,-10144,0
3383,4.0316e+05,-10119,0
3384,4.0317e+05,-10094,0
3385,4.0318e+05,-10069,0
3386,4.0319e+05,-10044,0
3387,4.032e+05,-10018,0
3388,4.0321e+05,-9993.2,0
3389,4.0322e+05,-9967.9,0
3390,4.0323e+05,-9942.7,0
3391,4.0324e+05,-9917.4,0
3392,4.0325e+05,-9892.1,0
3393,4.0326e+05,-9866.8,0
3394,4.0327e+05,-9841.5,0
3395,4.0328e+05,-9816.2,0
3396,4.0329e+05,-9790.8,0
3397,4.033e+05,-9765.5,0
3398,4.0331e+05,-9740.1,0
3399,4.0332e+05,-9714.7,0
3400,4.0333e+05,-9689.3,0
3401,4.0334e+05,-9663.9,0
3402,4.0335e+05,-9638.4,0
3403,4.0336e+05,-9613,0
3404,4.0337e+05,-9587.5,0
3405,4.0338e+05,-9562.1,0
3406,4.0339e+05,-9536.6,0
3407,4.034e+05,-9511.1,0
3408,4.0341e+05,-9485.6,0
3409,4.0342e+05,-9460,0
3410,4.0343e+05,-9434.5,0
3411,4.0344e+05,-9409,0
3412,4.0345e+05,-9383.4,0
3413,4.0346e+05,-9357.8,0
3414,4.0347e+05,-9332.2,0
3415,4.0348e+05,-9306.6,0
3416,4.0349e+05,-9281,0
3417,4.035e+05,-9255.3,0
3418,4.035e+05,-9229.7,0
3419,4.0351e+05,-9204,0
3420,4.0352e+05,-9178.4,0
3421,4.0353e+05,-9152.7,0
3422,4.0354e+05,-9127,0
3423,4.0355e+05,-9101.3,0
3424,4.0356e+05,-9075.5,0
3425,4.0357e+05,-9049.8,0
3426,4.0358e+05,-9024,0
3427,4.0359e+05,-8998.3,0
3428,4.036e+05,-8972.5,0
3429,4.0361e+05,-8946.7,0
3430,4.0361e+05,-8920.9,0
3431,4.0362e+05,-8895.1,0
3432,4.0363e+05,-8869.2,0
3433,4.0364e+05,-8843.4,0
3434,4.0365e+05,-8817.5,0
3435,4.0366e+05,-8791.6,0
3436,4.0367e+05,-8765.8,0
3437,4.0368e+05,-8739.9,0
3438,4.0369e+05,-8714,0
3439,4.037e+05,-8688,0
3440,4.037e+05,-8662.1,0
3441,4.0371e+05,-8636.1,0
3442,4.0372e+05,-8610.2,0
3443,4.0373e+05,-8584.2,0
3444,4.0374e+05,-8558.2,0
3445,4.0375e+05,-8532.2,0
3446,4.0376e+05,-8506.2,0
3447,4.0376e+05,-8480.2,0
3448,4.0377e+05,-8454.2,0
3449,4.0378e+05,-8428.1,0
3450,4.0379e+05,-8402,0
3451,4.038e+05,-8376,0
3452,4.0381e+05,-8349.9,0
3453,4.0382e+05,-8323.8,0
3454,4.0382e+05,-8297.7,0
3455,4.0383e+05,-8271.5,0
3456,4.0384e+05,-8245.4,0
3457,4.0385e+05,-8219.3,0
3458,4.0386e+05,-8193.1,0
3459,4.0387e+05,-8166.9,0
3460,4.0387e+05,-8140.7,0
3461,4.0388e+05,-8114.6,0
3462,4.0389e+05,-8088.3,0
3463,4.039e+05,-8062.1,0
3464,4.0391e+05,-8035.9,0
3465,4.0392e+05,-8009.6,0
3466,4.0392e+05,-7983.4,0
3467,4.0393e+05,-7957.1,0
3468,4.0394e+05,-7930.8,0
3469,4.0395e+05,-7904.6,0
3470,4.0396e+05,-7878.3,0
3471,4.0396e+05,-7851.9,0
3472,4.0397e+05,-7825.6,0
3473,4.0398e+05,-7799.3,0
3474,4.0399e+05,-7772.9,0
3475,4.04e+05,-7746.6,0
3476,4.04e+05,-7720.2,0
3477,4.0401e+05,-7693.8,0
3478,4.0402e+05,-7667.4,0
3479,4.0403e+05,-7641,0
3480,4.0404e+05,-7614.6,0
3481,4.0404e+05,-7588.2,0
3482,4.0405e+05,-7561.7,0
3483,4.0406e+05,-7535.3,0
3484,4.0407e+05,-7508.8,0
3485,4.0407e+05,-7482.3,0
3486,4.0408e+05,-7455.8,0
3487,4.0409e+05,-7429.3,0
3488,4.041e+05,-7402.8,0
3489,4.041e+05,-7376.3,0
3490,4.0411e+05,-7349.8,0
3491,4.0412e+05,-7323.2,0
3492,4.0413e+05,-7296.7,0
3493,4.0413e+05,-7270.1,0
3494,4.0414e+05,-7243.6,0
3495,4.0415e+05,-7217,0
3496,4.0416e+05,-7190.4,0
3497,4.0416e+05,-7163.8,0
3498,4.0417e+05,-7137.2,0
3499,4.0418e+05,-7110.5,0
3500,4.0419e+05,-7083.9,0
3501,4.0419e+05,-7057.2,0
3502,4.042e+05,-7030.6,0
3503,4.0421e+05,-7003.9,0
3504,4.0421e+05,-6977.2,0
3505,4.0422e+05,-6950.5,0
3506,4.0423e+05,-6923.8,0
3507,4.0424e+05,-6897.1,0
3508,4.0424e+05,-6870.4,0
3509,4.0425e+05,-6843.7,0
3510,4.0426e+05,-6816.9,0
3511,4.0426e+05,-6790.2,0
3512,4.0427e+05,-6763.4,0
3513,4.0428e+05,-6736.6,0
3514,4.0428e+05,-6709.9,0
3515,4.0429e+05,-6683.1,0
3516,4.043e+05,-6656.3,0
3517,4.0431e+05,-6629.4,0
3518,4.0431e+05,-6602.6,0
3519,4.0432e+05,-6575.8,0
3520,4.0433e+05,-6548.9,0
3521,4.0433e+05,-6522.1,0
3522,4.0434e+05,-6495.2,0
3523,4.0435e+05,-6468.3,0
3524,4.0435e+05,-6441.5,0
3525,4.0436e+05,-6414.6,0
3526,4.0437e+05,-6387.7,0
3527,4.0437e+05,-6360.8,0
3528,4.0438e+05,-6333.8,0
3529,4.0438e+05,-6306.9,0
3530,4.0439e+05,-6280,0
3531,4.044e+05,-6253,0
3532,4.044e+05,-6226.1,0
3533,4.0441e+05,-6199.1,0
3534,4.0442e+05,-6172.1,0
3535,4.0442e+05,-6145.1,0
3536,4.0443e+05,-6118.1,0
3537,4.0444e+05,-6091.1,0
3538,4.0444e+05,-6064.1,0
3539,4.0445e+05,-6037.1,0
3540,4.0445e+05,-6010,0
3541,4.0446e+05,-5983,0
3542,4.0447e+05,-5955.9,0
3543,4.0447e+05,-5928.9,0
3544,4.0448e+05,-5901.8,0
3545,4.0448e+05,-5874.7,0
3546,4.0449e+05,-5847.6,0
3547,4.045e+05,-5820.5,0
3548,4.045e+05,-5793.4,0
3549,4.0451e+05,-5766.3,0
3550,4.0451e+05,-5739.2,0
3551,4.0452e+05,-5712.1,0
3552,4.0453e+05,-5684.9,0
3553,4.0453e+05,-5657.8,0
3554,4.0454e+05,-5630.6,0
3555,4.0454e+05,-5603.4,0
3556,4.0455e+05,-5576.3,0
3557,4.0456e+05,-5549.1,0
3558,4.0456e+05,-5521.9,0
3559,4.0457e+05,-5494.7,0
3560,4.0457e+05,-5467.5,0
3561,4.0458e+05,-5440.3,0
3562,4.0458e+05,-5413,0
3563,4.0459e+05,-5385.8,0
3564,4.0459e+05,-5358.5,0
3565,4.046e+05,-5331.3,0
3566,4.0461e+05,-5304,0
3567,4.0461e+05,-5276.8,0
3568,4.0462e+05,-5249.5,0
3569,4.0462e+05,-5222.2,0
3570,4.0463e+05,-5194.9,0
3571,4.0463e+05,-5167.6,0
3572,4.0464e+05,-5140.3,0
3573,4.0464e+05,-5113,0
3574,4.0465e+05,-5085.7,0
3575,4.0465e+05,-5058.3,0
3576,4.0466e+05,-5031,0
3577,4.0466e+05,-5003.7,0
3578,4.0467e+05,-4976.3,0
3579,4.0467e+05,-4948.9,0
3580,4.0468e+05,-4921.6,0
3581,4.0468e+05,-4894.2,0
3582,4.0469e+05,-4866.8,0
3583,4.0469e+05,-4839.4,0
3584,4.047e+05,-4812,0
3585,4.047e+05,-4784.6,0
3586,4.0471e+05,-4757.2,0
3587,4.0471e+05,-4729.8,0
3588,4.0472e+05,-4702.3,0
3589,4.0472e+05,-4674.9,0
3590,4.0473e+05,-4647.5,0
3591,4.0473e+05,-4620,0
3592,4.0474e+05,-4592.6,0
3593,4.0474e+05,-4565.1,0
3594,4.0475e+05,-4537.6,0
3595,4.0475e+05,-4510.1,0
3596,4.0476e+05,-4482.7,0
3597,4.0476e+05,-4455.2,0
3598,4.0477e+05,-4427.7,0
3599,4.0477e+05,-4400.2,0
3600,4.0478e+05,-4372.6,0
3601,4.0478e+05,-4345.1,0
3602,4.0478e+05,-4317.6,0
3603,4.0479e+05,-4290.1,0
3604,4.0479e+05,-4262.5,0
3605,4.048e+05,-4235,0
3606,4.048e+05,-4207.4,0
3607,4.0481e+05,-4179.9,0
3608,4.0481e+05,-4152.3,0
3609,4.0482e+05,-4124.7,0
3610,4.0482e+05,-4097.1,0
3611,4.0482e+05,-4069.6,0
3612,4.0483e+05,-4042,0
3613,4.0483e+05,-4014.4,0
3614,4.0484e+05,-3986.8,0
3615,4.0484e+05,-3959.2,0
3616,4.0484e+05,-3931.5,0
3617,4.0485e+05,-3903.9,0
3618,4.0485e+05,-3876.3,0
3619,4.0486e+05,-3848.7,0
3620,4.0486e+05,-3821,0
3621,4.0486e+05,-3793.4,0
3622,4.0487e+05,-3765.7,0
3623,4.0487e+05,-3738.1,0
3624,4.0488e+05,-3710.4,0
3625,4.0488e+05,-3682.7,0
3626,4.0488e+05,-3655,0
3627,4.0489e+05,-3627.4,0
3628,4.0489e+05,-3599.7,0
3629,4.0489e+05,-3572,0
3630,4.049e+05,-3544.3,0
3631,4.049e+05,-3516.6,0
3632,4.0491e+05,-3488.9,0
3633,4.0491e+05,-3461.2,0
3634,4.0491e+05,-3433.4,0
3635,4.0492e+05,-3405.7,0
3636,4.0492e+05,-3378,0
3637,4.0492e+05,-3350.3,0
3638,4.0493e+05,-3322.5,0
3639,4.0493e+05,-3294.8,0
3640,4.0493e+05,-3267,0
3641,4.0494e+05,-3239.3,0
3642,4.0494e+05,-3211.5,0
3643,4.0494e+05,-3183.7,0
3644,4.0495e+05,-3156,0
3645,4.0495e+05,-3128.2,0
3646,4.0495e+05,-3100.4,0
3647,4.0496e+05,-3072.6,0
3648,4.0496e+05,-3044.8,0
3649,4.0496e+05,-3017,0
3650,4.0497e+05,-2989.2,0
3651,4.0497e+05,-2961.4,0
3652,4.0497e+05,-2933.6,0
3653,4.0498e+05,-2905.8,0
3654,4.0498e+05,-2878,0
3655,4.0498e+05,-2850.2,0
3656,4.0498e+05,-2822.3,0
3657,4.0499e+05,-2794.5,0
3658,4.0499e+05,-2766.7,0
3659,4.0499e+05,-2738.8,0
3660,4.05e+05,-2711,0
3661,4.05e+05,-2683.1,0
3662,4.05e+05,-2655.3,0
3663,4.05e+05,-2627.4,0
3664,4.0501e+05,-2599.6,0
3665,4.0501e+05,-2571.7,0
3666,4.0501e+05,-2543.8,0
3667,4.0501e+05,-2516,0
3668,4.0502e+05,-2488.1,0
3669,4.0502e+05,-2460.2,0
3670,4.0502e+05,-2432.3,0
3671,4.0503e+05,-2404.4,0
3672,4.0503e+05,-2376.5,0
3673,4.0503e+05,-2348.6,0
3674,4.0503e+05,-2320.7,0
3675,4.0503e+05,-2292.8,0
3676,4.0504e+05,-2264.9,0
3677,4.0504e+05,-2237,0
3678,4.0504e+05,-2209.1,0
3679,4.0504e+05,-2181.2,0
3680,4.0505e+05,-2153.3,0
3681,4.0505e+05,-2125.3,0
3682,4.0505e+05,-2097.4,0
3683,4.0505e+05,-2069.5,0
3684,4.0506e+05,-2041.5,0
3685,4.0506e+05,-2013.6,0
3686,4.0506e+05,-1985.7,0
3687,4.0506e+05,-1957.7,0
3688,4.0506e+05,-1929.8,0
3689,4.0507e+05,-1901.8,0
3690,4.0507e+05,-1873.9,0
3691,4.0507e+05,-1845.9,0
3692,4.0507e+05,-1818,0
3693,4.0507e+05,-1790,0
3694,4.0507e+05,-1762,0
3695,4.0508e+05,-1734.1,0
3696,4.0508e+05,-1706.1,0
3697,4.0508e+05,-1678.1,0
3698,4.0508e+05,-1650.2,0
3699,4.0508e+05,-1622.2,0
3700,4.0509e+05,-1594.2,0
3701,4.0509e+05,-1566.2,0
3702,4.0509e+05,-1538.2,0
3703,4.0509e+05,-1510.2,0
3704,4.0509e+05,-1482.3,0
3705,4.0509e+05,-1454.3,0
3706,4.0509e+05,-1426.3,0
3707,4.051e+05,-1398.3,0
3708,4.051e+05,-1370.3,0
3709,4.051e+05,-1342.3,0
3710,4.051e+05,-1314.3,0
3711,4.051e+05,-1286.3,0
3712,4.051e+05,-1258.3,0
3713,4.051e+05,-1230.2,0
3714,4.0511e+05,-1202.2,0
3715,4.0511e+05,-1174.2,0
3716,4.0511e+05,-1146.2,0
3717,4.0511e+05,-1118.2,0
3718,4.0511e+05,-1090.2,0
3719,4.0511e+05,-1062.1,0
3720,4.0511e+05,-1034.1,0
3721,4.0511e+05,-1006.1,0
3722,4.0511e+05,-978.08,0
3723,4.0512e+05,-950.05,0
3724,4.0512e+05,-922.02,0
3725,4.0512e+05,-893.99,0
3726,4.0512e+05,-865.96,0
3727,4.0512e+05,-837.93,0
3728,4.0512e+05,-809.9,0
3729,4.0512e+05,-781.86,0
3730,4.0512e+05,-753.83,0
3731,4.0512e+05,-725.79,0
3732,4.0512e+05,-697.75,0
3733,4.0512e+05,-669.71,0
3734,4.0512e+05,-641.67,0
3735,4.0513e+05,-613.63,0
3736,4.0513e+05,-585.59,0
3737,4.0513e+05,-557.54,0
3738,4.0513e+05,-529.5,0
3739,4.0513e+05,-501.45,0
3740,4.0513e+05,-473.41,0
3741,4.0513e+05,-445.36,0
3742,4.0513e+05,-417.31,0
3743,4.0513e+05,-389.27,0
3744,4.0513e+05,-361.22,0
3745,4.0513e+05,-333.17,0
3746,4.0513e+05,-305.12,0
3747,4.0513e+05,-277.07,0
3748,4.0513e+05,-249.02,0
3749,4.0513e+05,-220.97,0
3750,4.0513e+05,-192.92,0
3751,4.0513e+05,-164.86,0
3752,4.0513e+05,-136.81,0
3753,4.0513e+05,-108.76,0
3754,4.0513e+05,-80.709,0
3755,4.0513e+05,-52.656,0
3756,4.0513e+05,-24.604,0
3757,4.0513e+05,3.4488,0
3758,4.0513e+05,31.501,0
3759,4.0513e+05,59.554,0
3760,4.0513e+05,87.606,0
3761,4.0513e+05,115.66,0
3762,4.0513e+05,143.71,0
3763,4.0513e+05,171.76,0
3764,4.0513e+05,199.81,0
3765,4.0513e+05,227.87,0
3766,4.0513e+05,255.92,0
3767,4.0513e+05,283.97,0
3768,4.0513e+05,312.02,0
3769,4.0513e+05,340.07,0
3770,4.0513e+05,368.12,0
3771,4.0513e+05,396.16,0
3772,4.0513e+05,424.21,0
3773,4.0513e+05,452.26,0
3774,4.0513e+05,480.3,0
3775,4.0513e+05,508.35,0
3776,4.0513e+05,536.4,0
3777,4.0513e+05,564.44,0
3778,4.0513e+05,592.48,0
3779,4.0513e+05,620.52,0
3780,4.0512e+05,648.57,0
3781,4.0512e+05,676.61,0
3782,4.0512e+05,704.65,0
3783,4.0512e+05,732.68,0
3784,4.0512e+05,760.72,0
3785,4.0512e+05,788.76,0
3786,4.0512e+05,816.79,0
3787,4.0512e+05,844.82,0
3788,4.0512e+05,872.86,0
3789,4.0512e+05,900.89,0
3790,4.0512e+05,928.92,0
3791,4.0512e+05,956.94,0
3792,4.0511e+05,984.97,0
3793,4.0511e+05,1013,0
3794,4.0511e+05,1041,0
3795,4.0511e+05,1069,0
3796,4.0511e+05,1097.1,0
3797,4.0511e+05,1125.1,0
3798,4.0511e+05,1153.1,0
3799,4.0511e+05,1181.1,0
3800,4.0511e+05,1209.1,0
3801,4.051e+05,1237.1,0
3802,4.051e+05,1265.1,0
3803,4.051e+05,1293.1,0
3804,4.051e+05,1321.1,0
3805,4.051e+05,1349.2,0
3806,4.051e+05,1377.2,0
3807,4.051e+05,1405.2,0
3808,4.0509e+05,1433.1,0
3809,4.0509e+05,1461.1,0
3810,4.0509e+05,1489.1,0
3811,4.0509e+05,1517.1,0
3812,4.0509e+05,1545.1,0
3813,4.0509e+05,1573.1,0
3814,4.0508e+05,1601.1,0
3815,4.0508e+05,1629.1,0
3816,4.0508e+05,1657,0
3817,4.0508e+05,1685,0
3818,4.0508e+05,1713,0
3819,4.0508e+05,1740.9,0
3820,4.0507e+05,1768.9,0
3821,4.0507e+05,1796.9,0
3822,4.0507e+05,1824.8,0
3823,4.0507e+05,1852.8,0
3824,4.0507e+05,1880.7,0
3825,4.0506e+05,1908.7,0
3826,4.0506e+05,1936.7,0
3827,4.0506e+05,1964.6,0
3828,4.0506e+05,1992.5,0
3829,4.0506e+05,2020.5,0
3830,4.0505e+05,2048.4,0
3831,4.0505e+05,2076.3,0
3832,4.0505e+05,2104.3,0
3833,4.0505e+05,2132.2,0
3834,4.0505e+05,2160.1,0
3835,4.0504e+05,2188,0
3836,4.0504e+05,2216,0
3837,4.0504e+05,2243.9,0
3838,4.0504e+05,2271.8,0
3839,4.0503e+05,2299.7,0
3840,4.0503e+05,2327.6,0
3841,4.0503e+05,2355.5,0
3842,4.0503e+05,2383.4,0
3843,4.0502e+05,2411.3,0
3844,4.0502e+05,2439.2,0
3845,4.0502e+05,2467.1,0
3846,4.0502e+05,2494.9,0
3847,4.0501e+05,2522.8,0
3848,4.0501e+05,2550.7,0
3849,4.0501e+05,2578.6,0
3850,4.0501e+05,2606.4,0
3851,4.05e+05,2634.3,0
3852,4.05e+05,2662.1,0
3853,4.05e+05,2690,0
3854,4.05e+05,2717.8,0
3855,4.0499e+05,2745.7,0
3856,4.0499e+05,2773.5,0
3857,4.0499e+05,2801.4,0
3858,4.0498e+05,2829.2,0
3859,4.0498e+05,2857,0
3860,4.0498e+05,2884.8,0
3861,4.0497e+05,2912.6,0
3862,4.0497e+05,2940.5,0
3863,4.0497e+05,2968.3,0
3864,4.0497e+05,2996.1,0
3865,4.0496e+05,3023.9,0
3866,4.0496e+05,3051.7,0
3867,4.0496e+05,3079.5,0
3868,4.0495e+05,3107.2,0
3869,4.0495e+05,3135,0
3870,4.0495e+05,3162.8,0
3871,4.0494e+05,3190.6,0
3872,4.0494e+05,3218.3,0
3873,4.0494e+05,3246.1,0
3874,4.0493e+05,3273.8,0
3875,4.0493e+05,3301.6,0
3876,4.0493e+05,3329.3,0
3877,4.0492e+05,3357.1,0
3878,4.0492e+05,3384.8,0
3879,4.0492e+05,3412.5,0
3880,4.0491e+05,3440.3,0
3881,4.0491e+05,3468,0
3882,4.049e+05,3495.7,0
3883,4.049e+05,3523.4,0
3884,4.049e+05,3551.1,0
3885,4.0489e+05,3578.8,0
3886,4.0489e+05,3606.5,0
3887,4.0489e+05,3634.2,0
3888,4.0488e+05,3661.9,0
3889,4.0488e+05,3689.5,0
3890,4.0488e+05,3717.2,0
3891,4.0487e+05,3744.9,0
3892,4.0487e+05,3772.5,0
3893,4.0486e+05,3800.2,0
3894,4.0486e+05,3827.8,0
3895,4.0486e+05,3855.4,0
3896,4.0485e+05,3883.1,0
3897,4.0485e+05,3910.7,0
3898,4.0484e+05,3938.3,0
3899,4.0484e+05,3965.9,0
3900,4.0484e+05,3993.6,0
3901,4.0483e+05,4021.2,0
3902,4.0483e+05,4048.8,0
3903,4.0482e+05,4076.3,0
3904,4.0482e+05,4103.9,0
3905,4.0481e+05,4131.5,0
3906,4.0481e+05,4159.1,0
3907,4.0481e+05,4186.6,0
3908,4.048e+05,4214.2,0
3909,4.048e+05,4241.7,0
3910,4.0479e+05,4269.3,0
3911,4.0479e+05,4296.8,0
3912,4.0478e+05,4324.4,0
3913,4.0478e+05,4351.9,0
3914,4.0477e+05,4379.4,0
3915,4.0477e+05,4406.9,0
3916,4.0477e+05,4434.4,0
3917,4.0476e+05,4461.9,0
3918,4.0476e+05,4489.4,0
3919,4.0475e+05,4516.9,0
3920,4.0475e+05,4544.4,0
3921,4.0474e+05,4571.8,0
3922,4.0474e+05,4599.3,0
3923,4.0473e+05,4626.8,0
3924,4.0473e+05,4654.2,0
3925,4.0472e+05,4681.7,0
3926,4.0472e+05,4709.1,0
3927,4.0471e+05,4736.5,0
3928,4.0471e+05,4763.9,0
3929,4.047e+05,4791.3,0
3930,4.047e+05,4818.8,0
3931,4.0469e+05,4846.2,0
3932,4.0469e+05,4873.5,0
3933,4.0468e+05,4900.9,0
3934,4.0468e+05,4928.3,0
3935,4.0467e+05,4955.7,0
3936,4.0467e+05,4983,0
3937,4.0466e+05,5010.4,0
3938,4.0466e+05,5037.7,0
3939,4.0465e+05,5065.1,0
3940,4.0465e+05,5092.4,0
3941,4.0464e+05,5119.7,0
3942,4.0464e+05,5147,0
3943,4.0463e+05,5174.3,0
3944,4.0463e+05,5201.6,0
3945,4.0462e+05,5228.9,0
3946,4.0462e+05,5256.2,0
3947,4.0461e+05,5283.5,0
3948,4.046e+05,5310.7,0
3949,4.046e+05,5338,0
3950,4.0459e+05,5365.2,0
3951,4.0459e+05,5392.5,0
3952,4.0458e+05,5419.7,0
3953,4.0458e+05,5446.9,0
3954,4.0457e+05,5474.2,0
3955,4.0457e+05,5501.4,0
3956,4.0456e+05,5528.6,0
3957,4.0455e+05,5555.8,0
3958,4.0455e+05,5582.9,0
3959,4.0454e+05,5610.1,0
3960,4.0454e+05,5637.3,0
3961,4.0453e+05,5664.4,0
3962,4.0453e+05,5691.6,0
3963,4.0452e+05,5718.7,0
3964,4.0451e+05,5745.9,0
3965,4.0451e+05,5773,0
3966,4.045e+05,5800.1,0
3967,4.045e+05,5827.2,0
3968,4.0449e+05,5854.3,0
3969,4.0448e+05,5881.4,0
3970,4.0448e+05,5908.5,0
3971,4.0447e+05,5935.5,0
3972,4.0447e+05,5962.6,0
3973,4.0446e+05,5989.6,0
3974,4.0445e+05,6016.7,0
3975,4.0445e+05,6043.7,0
3976,4.0444e+05,6070.7,0
3977,4.0443e+05,6097.8,0
3978,4.0443e+05,6124.8,0
3979,4.0442e+05,6151.8,0
3980,4.0442e+05,6178.7,0
3981,4.0441e+05,6205.7,0
3982,4.044e+05,6232.7,0
3983,4.044e+05,6259.6,0
3984,4.0439e+05,6286.6,0
3985,4.0438e+05,6313.5,0
3986,4.0438e+05,6340.5,0
3987,4.0437e+05,6367.4,0
3988,4.0436e+05,6394.3,0
3989,4.0436e+05,6421.2,0
3990,4.0435e+05,6448.1,0
3991,4.0434e+05,6475,0
3992,4.0434e+05,6501.8,0
3993,4.0433e+05,6528.7,0
3994,4.0432e+05,6555.5,0
3995,4.0432e+05,6582.4,0
3996,4.0431e+05,6609.2,0
3997,4.043e+05,6636,0
3998,4.043e+05,6662.8,0
3999,4.0429e+05,6689.6,0
4000,4.0428e+05,6716.4,0
4001,4.0428e+05,6743.2,0
4002,4.0427e+05,6770,0
4003,4.0426e+05,6796.8,0
4004,4.0426e+05,6823.5,0
4005,4.0425e+05,6850.2,0
4006,4.0424e+05,6877,0
4007,4.0423e+05,6903.7,0
4008,4.0423e+05,6930.4,0
4009,4.0422e+05,6957.1,0
4010,4.0421e+05,6983.8,0
4011,4.0421e+05,7010.5,0
4012,4.042e+05,7037.1,0
4013,4.0419e+05,7063.8,0
4014,4.0418e+05,7090.4,0
4015,4.0418e+05,7117.1,0
4016,4.0417e+05,7143.7,0
4017,4.0416e+05,7170.3,0
4018,4.0415e+05,7196.9,0
4019,4.0415e+05,7223.5,0
4020,4.0414e+05,7250.1,0
4021,4.0413e+05,7276.7,0
4022,4.0412e+05,7303.2,0
4023,4.0412e+05,7329.8,0
4024,4.0411e+05,7356.3,0
4025,4.041e+05,7382.8,0
4026,4.0409e+05,7409.4,0
4027,4.0409e+05,7435.9,0
4028,4.0408e+05,7462.4,0
4029,4.0407e+05,7488.8,0
4030,4.0406e+05,7515.3,0
4031,4.0406e+05,7541.8,0
4032,4.0405e+05,7568.2,0
4033,4.0404e+05,7594.7,0
4034,4.0403e+05,7621.1,0
4035,4.0403e+05,7647.5,0
4036,4.0402e+05,7673.9,0
4037,4.0401e+05,7700.3,0
4038,4.04e+05,7726.7,0
4039,4.0399e+05,7753,0
4040,4.0399e+05,7779.4,0
4041,4.0398e+05,7805.8,0
4042,4.0397e+05,7832.1,0
4043,4.0396e+05,7858.4,0
4044,4.0395e+05,7884.7,0
4045,4.0395e+05,7911,0
4046,4.0394e+05,7937.3,0
4047,4.0393e+05,7963.6,0
4048,4.0392e+05,7989.8,0
4049,4.0391e+05,8016.1,0
4050,4.0391e+05,8042.3,0
4051,4.039e+05,8068.6,0
4052,4.0389e+05,8094.8,0
4053,4.0388e+05,8121,0
4054,4.0387e+05,8147.2,0
4055,4.0386e+05,8173.4,0
4056,4.0386e+05,8199.5,0
4057,4.0385e+05,8225.7,0
4058,4.0384e+05,8251.8,0
4059,4.0383e+05,8278,0
4060,4.0382e+05,8304.1,0
4061,4.0381e+05,8330.2,0
4062,4.0381e+05,8356.3,0
4063,4.038e+05,8382.4,0
4064,4.0379e+05,8408.4,0
4065,4.0378e+05,8434.5,0
4066,4.0377e+05,8460.6,0
4067,4.0376e+05,8486.6,0
4068,4.0375e+05,8512.6,0
4069,4.0375e+05,8538.6,0
4070,4.0374e+05,8564.6,0
4071,4.0373e+05,8590.6,0
4072,4.0372e+05,8616.6,0
4073,4.0371e+05,8642.5,0
4074,4.037e+05,8668.5,0
4075,4.0369e+05,8694.4,0
4076,4.0368e+05,8720.3,0
4077,4.0368e+05,8746.2,0
4078,4.0367e+05,8772.1,0
4079,4.0366e+05,8798,0
4080,4.0365e+05,8823.9,0
4081,4.0364e+05,8849.7,0
4082,4.0363e+05,8875.6,0
4083,4.0362e+05,8901.4,0
4084,4.0361e+05,8927.2,0
4085,4.036e+05,8953,0
4086,4.0359e+05,8978.8,0
4087,4.0359e+05,9004.6,0
4088,4.0358e+05,9030.4,0
4089,4.0357e+05,9056.1,0
4090,4.0356e+05,9081.9,0
4091,4.0355e+05,9107.6,0
4092,4.0354e+05,9133.3,0
4093,4.0353e+05,9159,0
4094,4.0352e+05,9184.7,0
4095,4.0351e+05,9210.3,0
4096,4.035e+05,9236,0
4097,4.0349e+05,9261.7,0
4098,4.0348e+05,9287.3,0
4099,4.0347e+05,9312.9,0
4100,4.0346e+05,9338.5,0
4101,4.0346e+05,9364.1,0
4102,4.0345e+05,9389.7,0
4103,4.0344e+05,9415.2,0
4104,4.0343e+05,9440.8,0
4105,4.0342e+05,9466.3,0
4106,4.0341e+05,9491.8,0
4107,4.034e+05,9517.4,0
4108,4.0339e+05,9542.9,0
4109,4.0338e+05,9568.3,0
4110,4.0337e+05,9593.8,0
4111,4.0336e+05,9619.3,0
4112,4.0335e+05,9644.7,0
4113,4.0334e+05,9670.1,0
4114,4.0333e+05,9695.5,0
4115,4.0332e+05,9720.9,0
4116,4.0331e+05,9746.3,0
4117,4.033e+05,9771.7,0
4118,4.0329e+05,9797,0
4119,4.0328e+05,9822.4,0
4120,4.0327e+05,9847.7,0
4121,4.0326e+05,9873,0
4122,4.0325e+05,9898.3,0
4123,4.0324e+05,9923.6,0
4124,4.0323e+05,9948.9,0
4125,4.0322e+05,9974.1,0
4126,4.0321e+05,9999.4,0
4127,4.032e+05,10025,0
4128,4.0319e+05,10050,0
4129,4.0318e+05,10075,0
4130,4.0317e+05,10100,0
4131,4.0316e+05,10125,0
4132,4.0315e+05,10151,0
4133,4.0314e+05,10176,0
4134,4.0313e+05,10201,0
4135,4.0312e+05,10226,0
4136,4.0311e+05,10251,0
4137,4.031e+05,10276,0
4138,4.0309e+05,10301,0
4139,4.0308e+05,10326,0
4140,4.0307e+05,10351,0
4141,4.0306e+05,10376,0
4142,4.0305e+05,10401,0
4143,4.0304e+05,10426,0
4144,4.0303e+05,10451,0
4145,4.0302e+05,10476,0
4146,4.03e+05,10501,0
4147,4.0299e+05,10526,0
4148,4.0298e+05,10551,0
4149,4.0297e+05,10576,0
4150,4.0296e+05,10601,0
4151,4.0295e+05,10626,0
4152,4.0294e+05,10651,0
4153,4.0293e+05,10675,0
4154,4.0292e+05,10700,0
4155,4.0291e+05,10725,0
4156,4.029e+05,10750,0
4157,4.0289e+05,10775,0
4158,4.0288e+05,10799,0
4159,4.0287e+05,10824,0
4160,4.0285e+05,10849,0
4161,4.0284e+05,10874,0
4162,4.0283e+05,10898,0
4163,4.0282e+05,10923,0
4164,4.0281e+05,10948,0
4165,4.028e+05,10972,0
4166,4.0279e+05,10997,0
4167,4.0278e+05,11022,0
4168,4.0277e+05,11046,0
4169,4.0276e+05,11071,0
4170,4.0275e+05,11095,0
4171,4.0273e+05,11120,0
4172,4.0272e+05,11145,0
4173,4.0271e+05,11169,0
4174,4.027e+05,11194,0
4175,4.0269e+05,11218,0
4176,4.0268e+05,11243,0
4177,4.0267e+05,11267,0
4178,4.0266e+05,11292,0
4179,4.0264e+05,11316,0
4180,4.0263e+05,11340,0
4181,4.0262e+05,11365,0
4182,4.0261e+05,11389,0
4183,4.026e+05,11414,0
4184,4.0259e+05,11438,0
4185,4.0258e+05,11462,0
4186,4.0256e+05,11487,0
4187,4.0255e+05,11511,0
4188,4.0254e+05,11535,0
4189,4.0253e+05,11560,0
4190,4.0252e+05,11584,0
4191,4.0251e+05,11608,0
4192,4.025e+05,11632,0
4193,4.0248e+05,11657,0
4194,4.0247e+05,11681,0
4195,4.0246e+05,11705,0
4196,4.0245e+05,11729,0
4197,4.0244e+05,11753,0
4198,4.0243e+05,11777,0
4199,4.0241e+05,11802,0
4200,4.024e+05,11826,0
4201,4.0239e+05,11850,0
4202,4.0238e+05,11874,0
4203,4.0237e+05,11898,0
4204,4.0236e+05,11922,0
4205,4.0234e+05,11946,0
4206,4.0233e+05,11970,0
4207,4.0232e+05,11994,0
4208,4.0231e+05,12018,0
4209,4.023e+05,12042,0
4210,4.0228e+05,12066,0
4211,4.0227e+05,12090,0
4212,4.0226e+05,12114,0
4213,4.0225e+05,12138,0
4214,4.0224e+05,12161,0
4215,4.0222e+05,12185,0
4216,4.0221e+05,12209,0
4217,4.022e+05,12233,0
4218,4.0219e+05,12257,0
4219,4.0218e+05,12281,0
4220,4.0216e+05,12304,0
4221,4.0215e+05,12328,0
4222,4.0214e+05,12352,0
4223,4.0213e+05,12376,0
4224,4.0211e+05,12399,0
4225,4.021e+05,12423,0
4226,4.0209e+05,12447,0
4227,4.0208e+05,12470,0
4228,4.0207e+05,12494,0
4229,4.0205e+05,12518,0
4230,4.0204e+05,12541,0
4231,4.0203e+05,12565,0
4232,4.0202e+05,12588,0
4233,4.02e+05,12612,0
4234,4.0199e+05,12635,0
4235,4.0198e+05,12659,0
4236,4.0197e+05,12682,0
4237,4.0195e+05,12706,0
4238,4.0194e+05,12729,0
4239,4.0193e+05,12753,0
4240,4.0192e+05,12776,0
4241,4.019e+05,12800,0
4242,4.0189e+05,12823,0
4243,4.0188e+05,12847,0
4244,4.0186e+05,12870,0
4245,4.0185e+05,12893,0
4246,4.0184e+05,12917,0
4247,4.0183e+05,12940,0
4248,4.0181e+05,12963,0
4249,4.018e+05,12986,0
4250,4.0179e+05,13010,0
4251,4.0178e+05,13033,0
4252,4.0176e+05,13056,0
4253,4.0175e+05,13079,0
4254,4.0174e+05,13103,0
4255,4.0172e+05,13126,0
4256,4.0171e+05,13149,0
4257,4.017e+05,13172,0
4258,4.0169e+05,13195,0
4259,4.0167e+05,13218,0
4260,4.0166e+05,13241,0
4261,4.0165e+05,13264,0
4262,4.0163e+05,13288,0
4263,4.0162e+05,13311,0
4264,4.0161e+05,13334,0
4265,4.0159e+05,13357,0
4266,4.0158e+05,13380,0
4267,4.0157e+05,13403,0
4268,4.0155e+05,13425,0
4269,4.0154e+05,13448,0
4270,4.0153e+05,13471,0
4271,4.0152e+05,13494,0
4272,4.015e+05,13517,0
4273,4.0149e+05,13540,0
4274,4.0148e+05,13563,0
4275,4.0146e+05,13586,0
4276,4.0145e+05,13608,0
4277,4.0144e+05,13631,0
4278,4.0142e+05,13654,0
4279,4.0141e+05,13677,0
4280,4.014e+05,13699,0
4281,4.0138e+05,13722,0
4282,4.0137e+05,13745,0
4283,4.0136e+05,13767,0
4284,4.0134e+05,13790,0
4285,4.0133e+05,13813,0
4286,4.0131e+05,13835,0
4287,4.013e+05,13858,0
4288,4.0129e+05,13881,0
4289,4.0127e+05,13903,0
4290,4.0126e+05,13926,0
4291,4.0125e+05,13948,0
4292,4.0123e+05,13971,0
4293,4.0122e+05,13993,0
4294,4.0121e+05,14016,0
4295,4.0119e+05,14038,0
4296,4.0118e+05,14061,0
4297,4.0117e+05,14083,0
4298,4.0115e+05,14105,0
4299,4.0114e+05,14128,0
4300,4.0112e+05,14150,0
4301,4.0111e+05,14173,0
4302,4.011e+05,14195,0
4303,4.0108e+05,14217,0
4304,4.0107e+05,14239,0
4305,4.0105e+05,14262,0
4306,4.0104e+05,14284,0
4307,4.0103e+05,14306,0
4308,4.0101e+05,14328,0
4309,4.01e+05,14351,0
4310,4.0099e+05,14373,0
4311,4.0097e+05,14395,0
4312,4.0096e+05,14417,0
4313,4.0094e+05,14439,0
4314,4.0093e+05,14461,0
4315,4.0092e+05,14483,0
4316,4.009e+05,14506,0
4317,4.0089e+05,14528,0
4318,4.0087e+05,14550,0
4319,4.0086e+05,14572,0
4320,4.0084e+05,14594,0
4321,4.0083e+05,14616,0
4322,4.0082e+05,14638,0
4323,4.008e+05,14659,0
4324,4.0079e+05,14681,0
4325,4.0077e+05,14703,0
4326,4.0076e+05,14725,0
4327,4.0075e+05,14747,0
4328,4.0073e+05,14769,0
4329,4.0072e+05,14791,0
4330,4.007e+05,14812,0
4331,4.0069e+05,14834,0
4332,4.0067e+05,14856,0
4333,4.0066e+05,14878,0
4334,4.0064e+05,14900,0
4335,4.0063e+05,14921,0
4336,4.0062e+05,14943,0
4337,4.006e+05,14965,0
4338,4.0059e+05,14986,0
4339,4.0057e+05,15008,0
4340,4.0056e+05,15029,0
4341,4.0054e+05,15051,0
4342,4.0053e+05,15073,0
4343,4.0051e+05,15094,0
4344,4.005e+05,15116,0
4345,4.0049e+05,15137,0
4346,4.0047e+05,15159,0
4347,4.0046e+05,15180,0
4348,4.0044e+05,15202,0
4349,4.0043e+05,15223,0
4350,4.0041e+05,15245,0
4351,4.004e+05,15266,0
4352,4.0038e+05,15287,0
4353,4.0037e+05,15309,0
4354,4.0035e+05,15330,0
4355,4.0034e+05,15351,0
4356,4.0032e+05,15373,0
4357,4.0031e+05,15394,0
4358,4.0029e+05,15415,0
4359,4.0028e+05,15436,0
4360,4.0026e+05,15458,0
4361,4.0025e+05,15479,0
4362,4.0023e+05,15500,0
4363,4.0022e+05,15521,0
4364,4.0021e+05,15542,0
4365,4.0019e+05,15564,0
4366,4.0018e+05,15585,0
4367,4.0016e+05,15606,0
4368,4.0015e+05,15627,0
4369,4.0013e+05,15648,0
4370,4.0012e+05,15669,0
4371,4.001e+05,15690,0
4372,4.0009e+05,15711,0
4373,4.0007e+05,15732,0
4374,4.0006e+05,15753,0
4375,4.0004e+05,15774,0
4376,4.0002e+05,15795,0
4377,4.0001e+05,15816,0
4378,3.9999e+05,15837,0
4379,3.9998e+05,15857,0
4380,3.9996e+05,15878,0
4381,3.9995e+05,15899,0
4382,3.9993e+05,15920,0
4383,3.9992e+05,15941,0
4384,3.999e+05,15961,0
4385,3.9989e+05,15982,0
4386,3.9987e+05,16003,0
4387,3.9986e+05,16024,0
4388,3.9984e+05,16044,0
4389,3.9983e+05,16065,0
4390,3.9981e+05,16086,0
4391,3.998e+05,16106,0
4392,3.9978e+05,16127,0
4393,3.9977e+05,16147,0
4394,3.9975e+05,16168,0
4395,3.9973e+05,16188,0
4396,3.9972e+05,16209,0
4397,3.997e+05,16229,0
4398,3.9969e+05,16250,0
4399,3.9967e+05,16270,0
4400,3.9966e+05,16291,0
4401,3.9964e+05,16311,0
4402,3.9963e+05,16332,0
4403,3.9961e+05,16352,0
4404,3.996e+05,16372,0
4405,3.9958e+05,16393,0
4406,3.9956e+05,16413,0
4407,3.9955e+05,16433,0
4408,3.9953e+05,16454,0
4409,3.9952e+05,16474,0
4410,3.995e+05,16494,0
4411,3.9949e+05,16514,0
4412,3.9947e+05,16535,0
4413,3.9945e+05,16555,0
4414,3.9944e+05,16575,0
4415,3.9942e+05,16595,0
4416,3.9941e+05,16615,0
4417,3.9939e+05,16635,0
4418,3.9938e+05,16655,0
4419,3.9936e+05,16675,0
4420,3.9934e+05,16696,0
4421,3.9933e+05,16716,0
4422,3.9931e+05,16736,0
4423,3.993e+05,16756,0
4424,3.9928e+05,16775,0
4425,3.9927e+05,16795,0
4426,3.9925e+05,16815,0
4427,3.9923e+05,16835,0
4428,3.9922e+05,16855,0
4429,3.992e+05,16875,0
4430,3.9919e+05,16895,0
4431,3.9917e+05,16915,0
4432,3.9915e+05,16934,0
4433,3.9914e+05,16954,0
4434,3.9912e+05,16974,0
4435,3.9911e+05,16994,0
4436,3.9909e+05,17013,0
4437,3.9907e+05,17033,0
4438,3.9906e+05,17053,0
4439,3.9904e+05,17072,0
4440,3.9903e+05,17092,0
4441,3.9901e+05,17112,0
4442,3.9899e+05,17131,0
4443,3.9898e+05,17151,0
4444,3.9896e+05,17170,0
4445,3.9894e+05,17190,0
4446,3.9893e+05,17210,0
4447,3.9891e+05,17229,0
4448,3.989e+05,17248,0
4449,3.9888e+05,17268,0
4450,3.9886e+05,17287,0
4451,3.9885e+05,17307,0
4452,3.9883e+05,17326,0
4453,3.9881e+05,17346,0
4454,3.988e+05,17365,0
4455,3.9878e+05,17384,0
4456,3.9877e+05,17404,0
4457,3.9875e+05,17423,0
4458,3.9873e+05,17442,0
4459,3.9872e+05,17461,0
4460,3.987e+05,17481,0
4461,3.9868e+05,17500,0
4462,3.9867e+05,17519,0
4463,3.9865e+05,17538,0
4464,3.9863e+05,17557,0
4465,3.9862e+05,17576,0
4466,3.986e+05,17596,0
4467,3.9859e+05,17615,0
4468,3.9857e+05,17634,0
4469,3.9855e+05,17653,0
4470,3.9854e+05,17672,0
4471,3.9852e+05,17691,0
4472,3.985e+05,17710,0
4473,3.9849e+05,17729,0
4474,3.9847e+05,17748,0
4475,3.9845e+05,17767,0
4476,3.9844e+05,17785,0
4477,3.9842e+05,17804,0
4478,3.984e+05,17823,0
4479,3.9839e+05,17842,0
4480,3.9837e+05,17861,0
4481,3.9835e+05,17880,0
4482,3.9834e+05,17898,0
4483,3.9832e+05,17917,0
4484,3.983e+05,17936,0
4485,3.9829e+05,17955,0
4486,3.9827e+05,17973,0
4487,3.9825e+05,17992,0
4488,3.9824e+05,18011,0
4489,3.9822e+05,18029,0
4490,3.982e+05,18048,0
4491,3.9819e+05,18066,0
4492,3.9817e+05,18085,0
4493,3.9815e+05,18104,0
4494,3.9814e+05,18122,0
4495,3.9812e+05,18141,0
4496,3.981e+05,18159,0
4497,3.9808e+05,18178,0
4498,3.9807e+05,18196,0
4499,3.9805e+05,18214,0
4500,3.9803e+05,18233,0
4501,3.9802e+05,18251,0
4502,3.98e+05,18270,0
4503,3.9798e+05,18288,0
4504,3.9797e+05,18306,0
4505,3.9795e+05,18325,0
4506,3.9793e+05,18343,0
4507,3.9791e+05,18361,0
4508,3.979e+05,18379,0
4509,3.9788e+05,18398,0
4510,3.9786e+05,18416,0
4511,3.9785e+05,18434,0
4512,3.9783e+05,18452,0
4513,3.9781e+05,18470,0
4514,3.978e+05,18488,0
4515,3.9778e+05,18506,0
4516,3.9776e+05,18524,0
4517,3.9774e+05,18543,0
4518,3.9773e+05,18561,0
4519,3.9771e+05,18579,0
4520,3.9769e+05,18597,0
4521,3.9768e+05,18615,0
4522,3.9766e+05,18632,0
4523,3.9764e+05,18650,0
4524,3.9762e+05,18668,0
4525,3.9761e+05,18686,0
4526,3.9759e+05,18704,0
4527,3.9757e+05,18722,0
4528,3.9755e+05,18740,0
4529,3.9754e+05,18757,0
4530,3.9752e+05,18775,0
4531,3.975e+05,18793,0
4532,3.9749e+05,18811,0
4533,3.9747e+05,18828,0
4534,3.9745e+05,18846,0
4535,3.9743e+05,18864,0
4536,3.9742e+05,18881,0
4537,3.974e+05,18899,0
4538,3.9738e+05,18917,0
4539,3.9736e+05,18934,0
4540,3.9735e+05,18952,0
4541,3.9733e+05,18969,0
4542,3.9731e+05,18987,0
4543,3.9729e+05,19004,0
4544,3.9728e+05,19022,0
4545,3.9726e+05,19039,0
4546,3.9724e+05,19057,0
4547,3.9722e+05,19074,0
4548,3.9721e+05,19092,0
4549,3.9719e+05,19109,0
4550,3.9717e+05,19126,0
4551,3.9715e+05,19144,0
4552,3.9714e+05,19161,0
4553,3.9712e+05,19178,0
4554,3.971e+05,19196,0
4555,3.9708e+05,19213,0
4556,3.9707e+05,19230,0
4557,3.9705e+05,19247,0
4558,3.9703e+05,19264,0
4559,3.9701e+05,19282,0
4560,3.97e+05,19299,0
4561,3.9698e+05,19316,0
4562,3.9696e+05,19333,0
4563,3.9694e+05,19350,0
4564,3.9693e+05,19367,0
4565,3.9691e+05,19384,0
4566,3.9689e+05,19401,0
4567,3.9687e+05,19418,0
4568,3.9685e+05,19435,0
4569,3.9684e+05,19452,0
4570,3.9682e+05,19469,0
4571,3.968e+05,19486,0
4572,3.9678e+05,19503,0
4573,3.9677e+05,19520,0
4574,3.9675e+05,19537,0
4575,3.9673e+05,19553,0
4576,3.9671e+05,19570,0
4577,3.9669e+05,19587,0
4578,3.9668e+05,19604,0
4579,3.9666e+05,19620,0
4580,3.9664e+05,19637,0
4581,3.9662e+05,19654,0
4582,3.9661e+05,19671,0
4583,3.9659e+05,19687,0
4584,3.9657e+05,19704,0
4585,3.9655e+05,19720,0
4586,3.9653e+05,19737,0
4587,3.9652e+05,19754,0
4588,3.965e+05,19770,0
4589,3.9648e+05,19787,0
4590,3.9646e+05,19803,0
4591,3.9644e+05,19820,0
4592,3.9643e+05,19836,0
4593,3.9641e+05,19853,0
4594,3.9639e+05,19869,0
4595,3.9637e+05,19885,0
4596,3.9635e+05,19902,0
4597,3.9634e+05,19918,0
4598,3.9632e+05,19934,0
4599,3.963e+05,19951,0
4600,3.9628e+05,19967,0
4601,3.9626e+05,19983,0
4602,3.9625e+05,20000,0
4603,3.9623e+05,20016,0
4604,3.9621e+05,20032,0
4605,3.9619e+05,20048,0
4606,3.9617e+05,20064,0
4607,3.9615e+05,20081,0
4608,3.9614e+05,20097,0
4609,3.9612e+05,20113,0
4610,3.961e+05,20129,0
4611,3.9608e+05,20145,0
4612,3.9606e+05,20161,0
4613,3.9605e+05,20177,0
4614,3.9603e+05,20193,0
4615,3.9601e+05,20209,0
4616,3.9599e+05,20225,0
4617,3.9597e+05,20241,0
4618,3.9595e+05,20257,0
4619,3.9594e+05,20273,0
4620,3.9592e+05,20289,0
4621,3.959e+05,20304,0
4622,3.9588e+05,20320,0
4623,3.9586e+05,20336,0
4624,3.9585e+05,20352,0
4625,3.9583e+05,20368,0
4626,3.9581e+05,20383,0
4627,3.9579e+05,20399,0
4628,3.9577e+05,20415,0
4629,3.9575e+05,20430,0
4630,3.9574e+05,20446,0
4631,3.9572e+05,20462,0
4632,3.957e+05,20477,0
4633,3.9568e+05,20493,0
4634,3.9566e+05,20508,0
4635,3.9564e+05,20524,0
4636,3.9562e+05,20540,0
4637,3.9561e+05,20555,0
4638,3.9559e+05,20571,0
4639,3.9557e+05,20586,0
4640,3.9555e+05,20601,0
4641,3.9553e+05,20617,0
4642,3.9551e+05,20632,0
4643,3.955e+05,20648,0
4644,3.9548e+05,20663,0
4645,3.9546e+05,20678,0
4646,3.9544e+05,20694,0
4647,3.9542e+05,20709,0
4648,3.954e+05,20724,0
4649,3.9538e+05,20740,0
4650,3.9537e+05,20755,0
4651,3.9535e+05,20770,0
4652,3.9533e+05,20785,0
4653,3.9531e+05,20800,0
4654,3.9529e+05,20815,0
4655,3.9527e+05,20831,0
4656,3.9525e+05,20846,0
4657,3.9524e+05,20861,0
4658,3.9522e+05,20876,0
4659,3.952e+05,20891,0
4660,3.9518e+05,20906,0
4661,3.9516e+05,20921,0
4662,3.9514e+05,20936,0
4663,3.9512e+05,20951,0
4664,3.9511e+05,20966,0
4665,3.9509e+05,20981,0
4666,3.9507e+05,20996,0
4667,3.9505e+05,21010,0
4668,3.9503e+05,21025,0
4669,3.9501e+05,21040,0
4670,3.9499e+05,21055,0
4671,3.9497e+05,21070,0
4672,3.9496e+05,21084,0
4673,3.9494e+05,21099,0
4674,3.9492e+05,21114,0
4675,3.949e+05,21129,0
4676,3.9488e+05,21143,0
4677,3.9486e+05,21158,0
4678,3.9484e+05,21173,0
4679,3.9482e+05,21187,0
4680,3.9481e+05,21202,0
4681,3.9479e+05,21216,0
4682,3.9477e+05,21231,0
4683,3.9475e+05,21245,0
4684,3.9473e+05,21260,0
4685,3.9471e+05,21274,0
4686,3.9469e+05,21289,0
4687,3.9467e+05,21303,0
4688,3.9466e+05,21318,0
4689,3.9464e+05,21332,0
4690,3.9462e+05,21347,0
4691,3.946e+05,21361,0
4692,3.9458e+05,21375,0
4693,3.9456e+05,21390,0
4694,3.9454e+05,21404,0
4695,3.9452e+05,21418,0
4696,3.945e+05,21432,0
4697,3.9449e+05,21447,0
4698,3.9447e+05,21461,0
4699,3.9445e+05,21475,0
4700,3.9443e+05,21489,0
4701,3.9441e+05,21503,0
4702,3.9439e+05,21517,0
4703,3.9437e+05,21531,0
4704,3.9435e+05,21546,0
4705,3.9433e+05,21560,0
4706,3.9431e+05,21574,0
4707,3.943e+05,21588,0
4708,3.9428e+05,21602,0
4709,3.9426e+05,21616,0
4710,3.9424e+05,21630,0
4711,3.9422e+05,21644,0
4712,3.942e+05,21657,0
4713,3.9418e+05,21671,0
4714,3.9416e+05,21685,0
4715,3.9414e+05,21699,0
4716,3.9412e+05,21713,0
4717,3.9411e+05,21727,0
4718,3.9409e+05,21740,0
4719,3.9407e+05,21754,0
4720,3.9405e+05,21768,0
4721,3.9403e+05,21782,0
4722,3.9401e+05,21795,0
4723,3.9399e+05,21809,0
4724,3.9397e+05,21823,0
4725,3.9395e+05,21836,0
4726,3.9393e+05,21850,0
4727,3.9391e+05,21864,0
4728,3.939e+05,21877,0
4729,3.9388e+05,21891,0
4730,3.9386e+05,21904,0
4731,3.9384e+05,21918,0
4732,3.9382e+05,21931,0
4733,3.938e+05,21945,0
4734,3.9378e+05,21958,0
4735,3.9376e+05,21971,0
4736,3.9374e+05,21985,0
4737,3.9372e+05,21998,0
4738,3.937e+05,22012,0
4739,3.9368e+05,22025,0
4740,3.9366e+05,22038,0
4741,3.9365e+05,22052,0
4742,3.9363e+05,22065,0
4743,3.9361e+05,22078,0
4744,3.9359e+05,22091,0
4745,3.9357e+05,22104,0
4746,3.9355e+05,22118,0
4747,3.9353e+05,22131,0
4748,3.9351e+05,22144,0
4749,3.9349e+05,22157,0
4750,3.9347e+05,22170,0
4751,3.9345e+05,22183,0
4752,3.9343e+05,22196,0
4753,3.9341e+05,22209,0
4754,3.934e+05,22222,0
4755,3.9338e+05,22235,0
4756,3.9336e+05,22248,0
4757,3.9334e+05,22261,0
4758,3.9332e+05,22274,0
4759,3.933e+05,22287,0
4760,3.9328e+05,22300,0
4761,3.9326e+05,22313,0
4762,3.9324e+05,22326,0
4763,3.9322e+05,22339,0
4764,3.932e+05,22351,0
4765,3.9318e+05,22364,0
4766,3.9316e+05,22377,0
4767,3.9314e+05,22390,0
4768,3.9312e+05,22402,0
4769,3.931e+05,22415,0
4770,3.9309e+05,22428,0
4771,3.9307e+05,22440,0
4772,3.9305e+05,22453,0
4773,3.9303e+05,22466,0
4774,3.9301e+05,22478,0
4775,3.9299e+05,22491,0
4776,3.9297e+05,22503,0
4777,3.9295e+05,22516,0
4778,3.9293e+05,22528,0
4779,3.9291e+05,22541,0
4780,3.9289e+05,22553,0
4781,3.9287e+05,22566,0
4782,3.9285e+05,22578,0
4783,3.9283e+05,22591,0
4784,3.9281e+05,22603,0
4785,3.9279e+05,22615,0
4786,3.9277e+05,22628,0
4787,3.9275e+05,22640,0
4788,3.9273e+05,22652,0
4789,3.9272e+05,22665,0
4790,3.927e+05,22677,0
4791,3.9268e+05,22689,0
4792,3.9266e+05,22701,0
4793,3.9264e+05,22714,0
4794,3.9262e+05,22726,0
4795,3.926e+05,22738,0
4796,3.9258e+05,22750,0
4797,3.9256e+05,22762,0
4798,3.9254e+05,22774,0
4799,3.9252e+05,22786,0
4800,3.925e+05,22798,0
4801,3.9248e+05,22810,0
4802,3.9246e+05,22822,0
4803,3.9244e+05,22834,0
4804,3.9242e+05,22846,0
4805,3.924e+05,22858,0
4806,3.9238e+05,22870,0
4807,3.9236e+05,22882,0
4808,3.9234e+05,22894,0
4809,3.9232e+05,22906,0
4810,3.923e+05,22918,0
4811,3.9228e+05,22929,0
4812,3.9226e+05,22941,0
4813,3.9224e+05,22953,0
4814,3.9223e+05,22965,0
4815,3.9221e+05,22976,0
4816,3.9219e+05,22988,0
4817,3.9217e+05,23000,0
4818,3.9215e+05,23011,0
4819,3.9213e+05,23023,0
4820,3.9211e+05,23035,0
4821,3.9209e+05,23046,0
4822,3.9207e+05,23058,0
4823,3.9205e+05,23069,0
4824,3.9203e+05,23081,0
4825,3.9201e+05,23092,0
4826,3.9199e+05,23104,0
4827,3.9197e+05,23115,0
4828,3.9195e+05,23127,0
4829,3.9193e+05,23138,0
4830,3.9191e+05,23150,0
4831,3.9189e+05,23161,0
4832,3.9187e+05,23173,0
4833,3.9185e+05,23184,0
4834,3.9183e+05,23195,0
4835,3.9181e+05,23206,0
4836,3.9179e+05,23218,0
4837,3.9177e+05,23229,0
4838,3.9175e+05,23240,0
4839,3.9173e+05,23252,0
4840,3.9171e+05,23263,0
4841,3.9169e+05,23274,0
4842,3.9167e+05,23285,0
4843,3.9165e+05,23296,0
4844,3.9163e+05,23307,0
4845,3.9161e+05,23318,0
4846,3.9159e+05,23329,0
4847,3.9157e+05,23341,0
4848,3.9155e+05,23352,0
4849,3.9153e+05,23363,0
4850,3.9151e+05,23374,0
4851,3.9149e+05,23385,0
4852,3.9147e+05,23395,0
4853,3.9145e+05,23406,0
4854,3.9144e+05,23417,0
4855,3.9142e+05,23428,0
4856,3.914e+05,23439,0
4857,3.9138e+05,23450,0
4858,3.9136e+05,23461,0
4859,3.9134e+05,23472,0
4860,3.9132e+05,23482,0
4861,3.913e+05,23493,0
4862,3.9128e+05,23504,0
4863,3.9126e+05,23515,0
4864,3.9124e+05,23525,0
4865,3.9122e+05,23536,0
4866,3.912e+05,23547,0
4867,3.9118e+05,23557,0
4868,3.9116e+05,23568,0
4869,3.9114e+05,23578,0
4870,3.9112e+05,23589,0
4871,3.911e+05,23600,0
4872,3.9108e+05,23610,0
4873,3.9106e+05,23621,0
4874,3.9104e+05,23631,0
4875,3.9102e+05,23642,0
4876,3.91e+05,23652,0
4877,3.9098e+05,23663,0
4878,3.9096e+05,23673,0
4879,3.9094e+05,23683,0
4880,3.9092e+05,23694,0
4881,3.909e+05,23704,0
4882,3.9088e+05,23714,0
4883,3.9086e+05,23725,0
4884,3.9084e+05,23735,0
4885,3.9082e+05,23745,0
4886,3.908e+05,23755,0
4887,3.9078e+05,23766,0
4888,3.9076e+05,23776,0
4889,3.9074e+05,23786,0
4890,3.9072e+05,23796,0
4891,3.907e+05,23806,0
4892,3.9068e+05,23816,0
4893,3.9066e+05,23827,0
4894,3.9064e+05,23837,0
4895,3.9062e+05,23847,0
4896,3.906e+05,23857,0
4897,3.9058e+05,23867,0
4898,3.9056e+05,23877,0
4899,3.9054e+05,23887,0
4900,3.9052e+05,23897,0
4901,3.905e+05,23907,0
4902,3.9048e+05,23917,0
4903,3.9046e+05,23926,0
4904,3.9044e+05,23936,0
4905,3.9042e+05,23946,0
4906,3.904e+05,23956,0
4907,3.9038e+05,23966,0
4908,3.9036e+05,23976,0
4909,3.9034e+05,23985,0
4910,3.9032e+05,23995,0
4911,3.903e+05,24005,0
4912,3.9028e+05,24015,0
4913,3.9026e+05,24024,0
4914,3.9024e+05,24034,0
4915,3.9022e+05,24044,0
4916,3.902e+05,24053,0
4917,3.9018e+05,24063,0
4918,3.9016e+05,24072,0
4919,3.9014e+05,24082,0
4920,3.9012e+05,24091,0
4921,3.901e+05,24101,0
4922,3.9008e+05,24110,0
4923,3.9006e+05,24120,0
4924,3.9004e+05,24129,0
4925,3.9002e+05,24139,0
4926,3.9e+05,24148,0
4927,3.8998e+05,24158,0
4928,3.8996e+05,24167,0
4929,3.8994e+05,24176,0
4930,3.8992e+05,24186,0
4931,3.899e+05,24195,0
4932,3.8988e+05,24204,0
4933,3.8986e+05,24214,0
4934,3.8984e+05,24223,0
4935,3.8982e+05,24232,0
4936,3.898e+05,24241,0
4937,3.8978e+05,24250,0
4938,3.8976e+05,24260,0
4939,3.8974e+05,24269,0
4940,3.8972e+05,24278,0
4941,3.8969e+05,24287,0
4942,3.8967e+05,24296,0
4943,3.8965e+05,24305,0
4944,3.8963e+05,24314,0
4945,3.8961e+05,24323,0
4946,3.8959e+05,24332,0
4947,3.8957e+05,24341,0
4948,3.8955e+05,24350,0
4949,3.8953e+05,24359,0
4950,3.8951e+05,24368,0
4951,3.8949e+05,24377,0
4952,3.8947e+05,24386,0
4953,3.8945e+05,24395,0
4954,3.8943e+05,24404,0
4955,3.8941e+05,24412,0
4956,3.8939e+05,24421,0
4957,3.8937e+05,24430,0
4958,3.8935e+05,24439,0
4959,3.8933e+05,24448,0
4960,3.8931e+05,24456,0
4961,3.8929e+05,24465,0
4962,3.8927e+05,24474,0
4963,3.8925e+05,24482,0
4964,3.8923e+05,24491,0
4965,3.8921e+05,24500,0
4966,3.8919e+05,24508,0
4967,3.8917e+05,24517,0
4968,3.8915e+05,24525,0
4969,3.8913e+05,24534,0
4970,3.8911e+05,24542,0
4971,3.8909e+05,24551,0
4972,3.8907e+05,24559,0
4973,3.8905e+05,24568,0
4974,3.8903e+05,24576,0
4975,3.8901e+05,24585,0
4976,3.8899e+05,24593,0
4977,3.8897e+05,24601,0
4978,3.8895e+05,24610,0
4979,3.8893e+05,24618,0
4980,3.8891e+05,24626,0
4981,3.8889e+05,24635,0
4982,3.8887e+05,24643,0
4983,3.8885e+05,24651,0
4984,3.8883e+05,24660,0
4985,3.8881e+05,24668,0
4986,3.8879e+05,24676,0
4987,3.8877e+05,24684,0
4988,3.8875e+05,24692,0
4989,3.8873e+05,24700,0
4990,3.8871e+05,24709,0
4991,3.8869e+05,24717,0
4992,3.8867e+05,24725,0
4993,3.8864e+05,24733,0
4994,3.8862e+05,24741,0
4995,3.886e+05,24749,0
4996,3.8858e+05,24757,0
4997,3.8856e+05,24765,0
4998,3.8854e+05,24773,0
4999,3.8852e+05,24781,0
5000,3.885e+05,24789,0
5001,3.8848e+05,24797,0
5002,3.8846e+05,24804,0
5003,3.8844e+05,24812,0
5004,3.8842e+05,24820,0
5005,3.884e+05,24828,0
5006,3.8838e+05,24836,0
5007,3.8836e+05,24843,0
5008,3.8834e+05,24851,0
5009,3.8832e+05,24859,0
5010,3.883e+05,24867,0
5011,3.8828e+05,24874,0
5012,3.8826e+05,24882,0
5013,3.8824e+05,24890,0
5014,3.8822e+05,24897,0
5015,3.882e+05,24905,0
5016,3.8818e+05,24913,0
5017,3.8816e+05,24920,0
5018,3.8814e+05,24928,0
5019,3.8812e+05,24935,0
5020,3.881e+05,24943,0
5021,3.8808e+05,24950,0
5022,3.8806e+05,24958,0
5023,3.8804e+05,24965,0
5024,3.8802e+05,24973,0
5025,3.88e+05,24980,0
5026,3.8798e+05,24987,0
5027,3.8796e+05,24995,0
5028,3.8794e+05,25002,0
5029,3.8792e+05,25009,0
5030,3.8789e+05,25017,0
5031,3.8787e+05,25024,0
5032,3.8785e+05,25031,0
5033,3.8783e+05,25039,0
5034,3.8781e+05,25046,0
5035,3.8779e+05,25053,0
5036,3.8777e+05,25060,0
5037,3.8775e+05,25067,0
5038,3.8773e+05,25075,0
5039,3.8771e+05,25082,0
5040,3.8769e+05,25089,0
5041,3.8767e+05,25096,0
5042,3.8765e+05,25103,0
5043,3.8763e+05,25110,0
5044,3.8761e+05,25117,0
5045,3.8759e+05,25124,0
5046,3.8757e+05,25131,0
5047,3.8755e+05,25138,0
5048,3.8753e+05,25145,0
5049,3.8751e+05,25152,0
5050,3.8749e+05,25159,0
5051,3.8747e+05,25166,0
5052,3.8745e+05,25173,0
5053,3.8743e+05,25180,0
5054,3.8741e+05,25186,0
5055,3.8739e+05,25193,0
5056,3.8737e+05,25200,0
5057,3.8735e+05,25207,0
5058,3.8733e+05,25213,0
5059,3.8731e+05,25220,0
5060,3.8729e+05,25227,0
5061,3.8727e+05,25234,0
5062,3.8724e+05,25240,0
5063,3.8722e+05,25247,0
5064,3.872e+05,25254,0
5065,3.8718e+05,25260,0
5066,3.8716e+05,25267,0
5067,3.8714e+05,25273,0
5068,3.8712e+05,25280,0
5069,3.871e+05,25287,0
5070,3.8708e+05,25293,0
5071,3.8706e+05,25300,0
5072,3.8704e+05,25306,0
5073,3.8702e+05,25313,0
5074,3.87e+05,25319,0
5075,3.8698e+05,25325,0
5076,3.8696e+05,25332,0
5077,3.8694e+05,25338,0
5078,3.8692e+05,25345,0
5079,3.869e+05,25351,0
5080,3.8688e+05,25357,0
5081,3.8686e+05,25364,0
5082,3.8684e+05,25370,0
5083,3.8682e+05,25376,0
5084,3.868e+05,25382,0
5085,3.8678e+05,25389,0
5086,3.8676e+05,25395,0
5087,3.8674e+05,25401,0
5088,3.8672e+05,25407,0
5089,3.867e+05,25413,0
5090,3.8668e+05,25419,0
5091,3.8666e+05,25426,0
5092,3.8663e+05,25432,0
5093,3.8661e+05,25438,0
5094,3.8659e+05,25444,0
5095,3.8657e+05,25450,0
5096,3.8655e+05,25456,0
5097,3.8653e+05,25462,0
5098,3.8651e+05,25468,0
5099,3.8649e+05,25474,0
5100,3.8647e+05,25480,0
5101,3.8645e+05,25486,0
5102,3.8643e+05,25491,0
5103,3.8641e+05,25497,0
5104,3.8639e+05,25503,0
5105,3.8637e+05,25509,0
5106,3.8635e+05,25515,0
5107,3.8633e+05,25521,0
5108,3.8631e+05,25526,0
5109,3.8629e+05,25532,0
5110,3.8627e+05,25538,0
5111,3.8625e+05,25544,0
5112,3.8623e+05,25549,0
5113,3.8621e+05,25555,0
5114,3.8619e+05,25561,0
5115,3.8617e+05,25566,0
5116,3.8615e+05,25572,0
5117,3.8613e+05,25578,0
5118,3.8611e+05,25583,0
5119,3.8609e+05,25589,0
5120,3.8607e+05,25594,0
5121,3.8605e+05,25600,0
5122,3.8602e+05,25605,0
5123,3.86e+05,25611,0
5124,3.8598e+05,25616,0
5125,3.8596e+05,25622,0
5126,3.8594e+05,25627,0
5127,3.8592e+05,25633,0
5128,3.859e+05,25638,0
5129,3.8588e+05,25643,0
5130,3.8586e+05,25649,0
5131,3.8584e+05,25654,0
5132,3.8582e+05,25659,0
5133,3.858e+05,25665,0
5134,3.8578e+05,25670,0
5135,3.8576e+05,25675,0
5136,3.8574e+05,25681,0
5137,3.8572e+05,25686,0
5138,3.857e+05,25691,0
5139,3.8568e+05,25696,0
5140,3.8566e+05,25701,0
5141,3.8564e+05,25706,0
5142,3.8562e+05,25712,0
5143,3.856e+05,25717,0
5144,3.8558e+05,25722,0
5145,3.8556e+05,25727,0
5146,3.8554e+05,25732,0
5147,3.8552e+05,25737,0
5148,3.855e+05,25742,0
5149,3.8548e+05,25747,0
5150,3.8546e+05,25752,0
5151,3.8544e+05,25757,0
5152,3.8542e+05,25762,0
5153,3.8539e+05,25767,0
5154,3.8537e+05,25772,0
5155,3.8535e+05,25776,0
5156,3.8533e+05,25781,0
5157,3.8531e+05,25786,0
5158,3.8529e+05,25791,0
5159,3.8527e+05,25796,0
5160,3.8525e+05,25801,0
5161,3.8523e+05,25805,0
5162,3.8521e+05,25810,0
5163,3.8519e+05,25815,0
5164,3.8517e+05,25820,0
5165,3.8515e+05,25824,0
5166,3.8513e+05,25829,0
5167,3.8511e+05,25834,0
5168,3.8509e+05,25838,0
5169,3.8507e+05,25843,0
5170,3.8505e+05,25847,0
5171,3.8503e+05,25852,0
5172,3.8501e+05,25856,0
5173,3.8499e+05,25861,0
5174,3.8497e+05,25866,0
5175,3.8495e+05,25870,0
5176,3.8493e+05,25875,0
5177,3.8491e+05,25879,0
5178,3.8489e+05,25883,0
5179,3.8487e+05,25888,0
5180,3.8485e+05,25892,0
5181,3.8483e+05,25897,0
5182,3.8481e+05,25901,0
5183,3.8479e+05,25905,0
5184,3.8477e+05,25910,0
5185,3.8475e+05,25914,0
5186,3.8472e+05,25918,0
5187,3.847e+05,25923,0
5188,3.8468e+05,25927,0
5189,3.8466e+05,25931,0
5190,3.8464e+05,25935,0
5191,3.8462e+05,25939,0
5192,3.846e+05,25944,0
5193,3.8458e+05,25948,0
5194,3.8456e+05,25952,0
5195,3.8454e+05,25956,0
5196,3.8452e+05,25960,0
5197,3.845e+05,25964,0
5198,3.8448e+05,25968,0
5199,3.8446e+05,25972,0
5200,3.8444e+05,25976,0
5201,3.8442e+05,25980,0
5202,3.844e+05,25984,0
5203,3.8438e+05,25988,0
5204,3.8436e+05,25992,0
5205,3.8434e+05,25996,0
5206,3.8432e+05,26000,0
5207,3.843e+05,26004,0
5208,3.8428e+05,26008,0
5209,3.8426e+05,26012,0
5210,3.8424e+05,26016,0
5211,3.8422e+05,26019,0
5212,3.842e+05,26023,0
5213,3.8418e+05,26027,0
5214,3.8416e+05,26031,0
5215,3.8414e+05,26035,0
5216,3.8412e+05,26038,0
5217,3.841e+05,26042,0
5218,3.8408e+05,26046,0
5219,3.8406e+05,26049,0
5220,3.8404e+05,26053,0
5221,3.8402e+05,26057,0
5222,3.84e+05,26060,0
5223,3.8398e+05,26064,0
5224,3.8395e+05,26067,0
5225,3.8393e+05,26071,0
5226,3.8391e+05,26075,0
5227,3.8389e+05,26078,0
5228,3.8387e+05,26082,0
5229,3.8385e+05,26085,0
5230,3.8383e+05,26088,0
5231,3.8381e+05,26092,0
5232,3.8379e+05,26095,0
5233,3.8377e+05,26099,0
5234,3.8375e+05,26102,0
5235,3.8373e+05,26106,0
5236,3.8371e+05,26109,0
5237,3.8369e+05,26112,0
5238,3.8367e+05,26116,0
5239,3.8365e+05,26119,0
5240,3.8363e+05,26122,0
5241,3.8361e+05,26125,0
5242,3.8359e+05,26129,0
5243,3.8357e+05,26132,0
5244,3.8355e+05,26135,0
5245,3.8353e+05,26138,0
5246,3.8351e+05,26141,0
5247,3.8349e+05,26145,0
5248,3.8347e+05,26148,0
5249,3.8345e+05,26151,0
5250,3.8343e+05,26154,0
5251,3.8341e+05,26157,0
5252,3.8339e+05,26160,0
5253,3.8337e+05,26163,0
5254,3.8335e+05,26166,0
5255,3.8333e+05,26169,0
5256,3.8331e+05,26172,0
5257,3.8329e+05,26175,0
5258,3.8327e+05,26178,0
5259,3.8325e+05,26181,0
5260,3.8323e+05,26184,0
5261,3.8321e+05,26187,0
5262,3.8319e+05,26190,0
5263,3.8317e+05,26193,0
5264,3.8315e+05,26195,0
5265,3.8313e+05,26198,0
5266,3.8311e+05,26201,0
5267,3.8309e+05,26204,0
5268,3.8307e+05,26207,0
5269,3.8305e+05,26209,0
5270,3.8303e+05,26212,0
5271,3.8301e+05,26215,0
5272,3.8299e+05,26218,0
5273,3.8297e+05,26220,0
5274,3.8295e+05,26223,0
5275,3.8293e+05,26225,0
5276,3.8291e+05,26228,0
5277,3.8288e+05,26231,0
5278,3.8286e+05,26233,0
5279,3.8284e+05,26236,0
5280,3.8282e+05,26238,0
5281,3.828e+05,26241,0
5282,3.8278e+05,26243,0
5283,3.8276e+05,26246,0
5284,3.8274e+05,26248,0
5285,3.8272e+05,26251,0
5286,3.827e+05,26253,0
5287,3.8268e+05,26256,0
5288,3.8266e+05,26258,0
5289,3.8264e+05,26261,0
5290,3.8262e+05,26263,0
5291,3.826e+05,26265,0
5292,3.8258e+05,26268,0
5293,3.8256e+05,26270,0
5294,3.8254e+05,26272,0
5295,3.8252e+05,26275,0
5296,3.825e+05,26277,0
5297,3.8248e+05,26279,0
5298,3.8246e+05,26281,0
5299,3.8244e+05,26283,0
5300,3.8242e+05,26286,0
5301,3.824e+05,26288,0
5302,3.8238e+05,26290,0
5303,3.8236e+05,26292,0
5304,3.8234e+05,26294,0
5305,3.8232e+05,26296,0
5306,3.823e+05,26298,0
5307,3.8228e+05,26300,0
5308,3.8226e+05,26303,0
5309,3.8224e+05,26305,0
5310,3.8222e+05,26307,0
5311,3.822e+05,26309,0
5312,3.8218e+05,26311,0
5313,3.8216e+05,26312,0
5314,3.8214e+05,26314,0
5315,3.8212e+05,26316,0
5316,3.821e+05,26318,0
5317,3.8208e+05,26320,0
5318,3.8206e+05,26322,0
5319,3.8204e+05,26324,0
5320,3.8202e+05,26326,0
5321,3.82e+05,26327,0
5322,3.8198e+05,26329,0
5323,3.8196e+05,26331,0
5324,3.8194e+05,26333,0
5325,3.8192e+05,26335,0
5326,3.819e+05,26336,0
5327,3.8188e+05,26338,0
5328,3.8186e+05,26340,0
5329,3.8184e+05,26341,0
5330,3.8182e+05,26343,0
5331,3.818e+05,26345,0
5332,3.8178e+05,26346,0
5333,3.8176e+05,26348,0
5334,3.8174e+05,26349,0
5335,3.8172e+05,26351,0
5336,3.817e+05,26353,0
5337,3.8168e+05,26354,0
5338,3.8166e+05,26356,0
5339,3.8164e+05,26357,0
5340,3.8162e+05,26359,0
5341,3.816e+05,26360,0
5342,3.8158e+05,26361,0
5343,3.8156e+05,26363,0
5344,3.8154e+05,26364,0
5345,3.8152e+05,26366,0
5346,3.815e+05,26367,0
5347,3.8148e+05,26368,0
5348,3.8146e+05,26370,0
5349,3.8144e+05,26371,0
5350,3.8142e+05,26372,0
5351,3.814e+05,26374,0
5352,3.8138e+05,26375,0
5353,3.8136e+05,26376,0
5354,3.8134e+05,26377,0
5355,3.8132e+05,26379,0
5356,3.813e+05,26380,0
5357,3.8128e+05,26381,0
5358,3.8126e+05,26382,0
5359,3.8124e+05,26383,0
5360,3.8122e+05,26384,0
5361,3.812e+05,26385,0
5362,3.8118e+05,26386,0
5363,3.8116e+05,26388,0
5364,3.8114e+05,26389,0
5365,3.8112e+05,26390,0
5366,3.811e+05,26391,0
5367,3.8108e+05,26392,0
5368,3.8106e+05,26393,0
5369,3.8104e+05,26394,0
5370,3.8102e+05,26395,0
5371,3.81e+05,26395,0
5372,3.8098e+05,26396,0
5373,3.8096e+05,26397,0
5374,3.8094e+05,26398,0
5375,3.8092e+05,26399,0
5376,3.809e+05,26400,0
5377,3.8088e+05,26401,0
5378,3.8086e+05,26401,0
5379,3.8084e+05,26402,0
5380,3.8082e+05,26403,0
5381,3.808e+05,26404,0
5382,3.8078e+05,26405,0
5383,3.8077e+05,26405,0
5384,3.8075e+05,26406,0
5385,3.8073e+05,26407,0
5386,3.8071e+05,26407,0
5387,3.8069e+05,26408,0
5388,3.8067e+05,26409,0
5389,3.8065e+05,26409,0
5390,3.8063e+05,26410,0
5391,3.8061e+05,26410,0
5392,3.8059e+05,26411,0
5393,3.8057e+05,26411,0
5394,3.8055e+05,26412,0
5395,3.8053e+05,26413,0
5396,3.8051e+05,26413,0
5397,3.8049e+05,26413,0
5398,3.8047e+05,26414,0
5399,3.8045e+05,26414,0
5400,3.8043e+05,26415,0
5401,3.8041e+05,26415,0
5402,3.8039e+05,26416,0
5403,3.8037e+05,26416,0
5404,3.8035e+05,26416,0
5405,3.8033e+05,26417,0
5406,3.8031e+05,26417,0
5407,3.8029e+05,26417,0
5408,3.8027e+05,26418,0
5409,3.8025e+05,26418,0
5410,3.8023e+05,26418,0
5411,3.8021e+05,26418,0
5412,3.8019e+05,26419,0
5413,3.8017e+05,26419,0
5414,3.8015e+05,26419,0
5415,3.8013e+05,26419,0
5416,3.8011e+05,26419,0
5417,3.8009e+05,26419,0
5418,3.8007e+05,26419,0
5419,3.8005e+05,26420,0
5420,3.8003e+05,26420,0
5421,3.8001e+05,26420,0
5422,3.7999e+05,26420,0
5423,3.7997e+05,26420,0
5424,3.7995e+05,26420,0
5425,3.7993e+05,26420,0
5426,3.7991e+05,26420,0
5427,3.799e+05,26420,0
5428,3.7988e+05,26420,0
5429,3.7986e+05,26420,0
5430,3.7984e+05,26420,0
5431,3.7982e+05,26419,0
5432,3.798e+05,26419,0
5433,3.7978e+05,26419,0
5434,3.7976e+05,26419,0
5435,3.7974e+05,26419,0
5436,3.7972e+05,26419,0
5437,3.797e+05,26418,0
5438,3.7968e+05,26418,0
5439,3.7966e+05,26418,0
5440,3.7964e+05,26418,0
5441,3.7962e+05,26417,0
5442,3.796e+05,26417,0
5443,3.7958e+05,26417,0
5444,3.7956e+05,26416,0
5445,3.7954e+05,26416,0
5446,3.7952e+05,26416,0
5447,3.795e+05,26415,0
5448,3.7948e+05,26415,0
5449,3.7946e+05,26415,0
5450,3.7944e+05,26414,0
5451,3.7942e+05,26414,0
5452,3.794e+05,26413,0
5453,3.7938e+05,26413,0
5454,3.7936e+05,26412,0
5455,3.7935e+05,26412,0
5456,3.7933e+05,26411,0
5457,3.7931e+05,26411,0
5458,3.7929e+05,26410,0
5459,3.7927e+05,26409,0
5460,3.7925e+05,26409,0
5461,3.7923e+05,26408,0
5462,3.7921e+05,26408,0
5463,3.7919e+05,26407,0
5464,3.7917e+05,26406,0
5465,3.7915e+05,26406,0
5466,3.7913e+05,26405,0
5467,3.7911e+05,26404,0
5468,3.7909e+05,26403,0
5469,3.7907e+05,26403,0
5470,3.7905e+05,26402,0
5471,3.7903e+05,26401,0
5472,3.7901e+05,26400,0
5473,3.7899e+05,26400,0
5474,3.7897e+05,26399,0
5475,3.7895e+05,26398,0
5476,3.7893e+05,26397,0
5477,3.7892e+05,26396,0
5478,3.789e+05,26395,0
5479,3.7888e+05,26394,0
5480,3.7886e+05,26393,0
5481,3.7884e+05,26392,0
5482,3.7882e+05,26391,0
5483,3.788e+05,26390,0
5484,3.7878e+05,26389,0
5485,3.7876e+05,26388,0
5486,3.7874e+05,26387,0
5487,3.7872e+05,26386,0
5488,3.787e+05,26385,0
5489,3.7868e+05,26384,0
5490,3.7866e+05,26383,0
5491,3.7864e+05,26382,0
5492,3.7862e+05,26381,0
5493,3.786e+05,26380,0
5494,3.7858e+05,26378,0
5495,3.7857e+05,26377,0
5496,3.7855e+05,26376,0
5497,3.7853e+05,26375,0
5498,3.7851e+05,26374,0
5499,3.7849e+05,26372,0
5500,3.7847e+05,26371,0
5501,3.7845e+05,26370,0
5502,3.7843e+05,26369,0
5503,3.7841e+05,26367,0
5504,3.7839e+05,26366,0
5505,3.7837e+05,26365,0
5506,3.7835e+05,26363,0
5507,3.7833e+05,26362,0
5508,3.7831e+05,26360,0
5509,3.7829e+05,26359,0
5510,3.7827e+05,26358,0
5511,3.7825e+05,26356,0
5512,3.7824e+05,26355,0
5513,3.7822e+05,26353,0
5514,3.782e+05,26352,0
5515,3.7818e+05,26350,0
5516,3.7816e+05,26349,0
5517,3.7814e+05,26347,0
5518,3.7812e+05,26345,0
5519,3.781e+05,26344,0
5520,3.7808e+05,26342,0
5521,3.7806e+05,26341,0
5522,3.7804e+05,26339,0
5523,3.7802e+05,26337,0
5524,3.78e+05,26336,0
5525,3.7798e+05,26334,0
5526,3.7797e+05,26332,0
5527,3.7795e+05,26331,0
5528,3.7793e+05,26329,0
5529,3.7791e+05,26327,0
5530,3.7789e+05,26325,0
5531,3.7787e+05,26324,0
5532,3.7785e+05,26322,0
5533,3.7783e+05,26320,0
5534,3.7781e+05,26318,0
5535,3.7779e+05,26316,0
5536,3.7777e+05,26314,0
5537,3.7775e+05,26313,0
5538,3.7773e+05,26311,0
5539,3.7771e+05,26309,0
5540,3.777e+05,26307,0
5541,3.7768e+05,26305,0
5542,3.7766e+05,26303,0
5543,3.7764e+05,26301,0
5544,3.7762e+05,26299,0
5545,3.776e+05,26297,0
5546,3.7758e+05,26295,0
5547,3.7756e+05,26293,0
5548,3.7754e+05,26291,0
5549,3.7752e+05,26289,0
5550,3.775e+05,26287,0
5551,3.7748e+05,26285,0
5552,3.7747e+05,26282,0
5553,3.7745e+05,26280,0
5554,3.7743e+05,26278,0
5555,3.7741e+05,26276,0
5556,3.7739e+05,26274,0
5557,3.7737e+05,26272,0
5558,3.7735e+05,26269,0
5559,3.7733e+05,26267,0
5560,3.7731e+05,26265,0
5561,3.7729e+05,26263,0
5562,3.7727e+05,26260,0
5563,3.7725e+05,26258,0
5564,3.7724e+05,26256,0
5565,3.7722e+05,26253,0
5566,3.772e+05,26251,0
5567,3.7718e+05,26249,0
5568,3.7716e+05,26246,0
5569,3.7714e+05,26244,0
5570,3.7712e+05,26242,0
5571,3.771e+05,26239,0
5572,3.7708e+05,26237,0
5573,3.7706e+05,26234,0
5574,3.7704e+05,26232,0
5575,3.7703e+05,26229,0
5576,3.7701e+05,26227,0
5577,3.7699e+05,26224,0
5578,3.7697e+05,26222,0
5579,3.7695e+05,26219,0
5580,3.7693e+05,26217,0
5581,3.7691e+05,26214,0
5582,3.7689e+05,26211,0
5583,3.7687e+05,26209,0
5584,3.7685e+05,26206,0
5585,3.7684e+05,26203,0
5586,3.7682e+05,26201,0
5587,3.768e+05,26198,0
5588,3.7678e+05,26195,0
5589,3.7676e+05,26193,0
5590,3.7674e+05,26190,0
5591,3.7672e+05,26187,0
5592,3.767e+05,26184,0
5593,3.7668e+05,26182,0
5594,3.7666e+05,26179,0
5595,3.7665e+05,26176,0
5596,3.7663e+05,26173,0
5597,3.7661e+05,26170,0
5598,3.7659e+05,26168,0
5599,3.7657e+05,26165,0
5600,3.7655e+05,26162,0
5601,3.7653e+05,26159,0
5602,3.7651e+05,26156,0
5603,3.7649e+05,26153,0
5604,3.7648e+05,26150,0
5605,3.7646e+05,26147,0
5606,3.7644e+05,26144,0
5607,3.7642e+05,26141,0
5608,3.764e+05,26138,0
5609,3.7638e+05,26135,0
5610,3.7636e+05,26132,0
5611,3.7634e+05,26129,0
5612,3.7632e+05,26126,0
5613,3.7631e+05,26123,0
5614,3.7629e+05,26120,0
5615,3.7627e+05,26117,0
5616,3.7625e+05,26113,0
5617,3.7623e+05,26110,0
5618,3.7621e+05,26107,0
5619,3.7619e+05,26104,0
5620,3.7617e+05,26101,0
5621,3.7615e+05,26097,0
5622,3.7614e+05,26094,0
5623,3.7612e+05,26091,0
5624,3.761e+05,26088,0
5625,3.7608e+05,26084,0
5626,3.7606e+05,26081,0
5627,3.7604e+05,26078,0
5628,3.7602e+05,26074,0
5629,3.76e+05,26071,0
5630,3.7599e+05,26068,0
5631,3.7597e+05,26064,0
5632,3.7595e+05,26061,0
5633,3.7593e+05,26058,0
5634,3.7591e+05,26054,0
5635,3.7589e+05,26051,0
5636,3.7587e+05,26047,0
5637,3.7585e+05,26044,0
5638,3.7584e+05,26040,0
5639,3.7582e+05,26037,0
5640,3.758e+05,26033,0
5641,3.7578e+05,26030,0
5642,3.7576e+05,26026,0
5643,3.7574e+05,26023,0
5644,3.7572e+05,26019,0
5645,3.757e+05,26015,0
5646,3.7569e+05,26012,0
5647,3.7567e+05,26008,0
5648,3.7565e+05,26005,0
5649,3.7563e+05,26001,0
5650,3.7561e+05,25997,0
5651,3.7559e+05,25994,0
5652,3.7557e+05,25990,0
5653,3.7556e+05,25986,0
5654,3.7554e+05,25982,0
5655,3.7552e+05,25979,0
5656,3.755e+05,25975,0
5657,3.7548e+05,25971,0
5658,3.7546e+05,25967,0
5659,3.7544e+05,25964,0
5660,3.7542e+05,25960,0
5661,3.7541e+05,25956,0
5662,3.7539e+05,25952,0
5663,3.7537e+05,25948,0
5664,3.7535e+05,25944,0
5665,3.7533e+05,25940,0
5666,3.7531e+05,25936,0
5667,3.7529e+05,25932,0
5668,3.7528e+05,25929,0
5669,3.7526e+05,25925,0
5670,3.7524e+05,25921,0
5671,3.7522e+05,25917,0
5672,3.752e+05,25913,0
5673,3.7518e+05,25909,0
5674,3.7516e+05,25905,0
5675,3.7515e+05,25900,0
5676,3.7513e+05,25896,0
5677,3.7511e+05,25892,0
5678,3.7509e+05,25888,0
5679,3.7507e+05,25884,0
5680,3.7505e+05,25880,0
5681,3.7504e+05,25876,0
5682,3.7502e+05,25872,0
5683,3.75e+05,25867,0
5684,3.7498e+05,25863,0
5685,3.7496e+05,25859,0
5686,3.7494e+05,25855,0
5687,3.7492e+05,25851,0
5688,3.7491e+05,25846,0
5689,3.7489e+05,25842,0
5690,3.7487e+05,25838,0
5691,3.7485e+05,25833,0
5692,3.7483e+05,25829,0
5693,3.7481e+05,25825,0
5694,3.748e+05,25820,0
5695,3.7478e+05,25816,0
5696,3.7476e+05,25812,0
5697,3.7474e+05,25807,0
5698,3.7472e+05,25803,0
5699,3.747e+05,25798,0
5700,3.7469e+05,25794,0
5701,3.7467e+05,25790,0
5702,3.7465e+05,25785,0
5703,3.7463e+05,25781,0
5704,3.7461e+05,25776,0
5705,3.7459e+05,25772,0
5706,3.7457e+05,25767,0
5707,3.7456e+05,25763,0
5708,3.7454e+05,25758,0
5709,3.7452e+05,25753,0
5710,3.745e+05,25749,0
5711,3.7448e+05,25744,0
5712,3.7446e+05,25740,0
5713,3.7445e+05,25735,0
5714,3.7443e+05,25730,0
5715,3.7441e+05,25726,0
5716,3.7439e+05,25721,0
5717,3.7437e+05,25716,0
5718,3.7436e+05,25712,0
5719,3.7434e+05,25707,0
5720,3.7432e+05,25702,0
5721,3.743e+05,25697,0
5722,3.7428e+05,25693,0
5723,3.7426e+05,25688,0
5724,3.7425e+05,25683,0
5725,3.7423e+05,25678,0
5726,3.7421e+05,25673,0
5727,3.7419e+05,25668,0
5728,3.7417e+05,25664,0
5729,3.7415e+05,25659,0
5730,3.7414e+05,25654,0
5731,3.7412e+05,25649,0
5732,3.741e+05,25644,0
5733,3.7408e+05,25639,0
5734,3.7406e+05,25634,0
5735,3.7405e+05,25629,0
5736,3.7403e+05,25624,0
5737,3.7401e+05,25619,0
5738,3.7399e+05,25614,0
5739,3.7397e+05,25609,0
5740,3.7395e+05,25604,0
5741,3.7394e+05,25599,0
5742,3.7392e+05,25594,0
5743,3.739e+05,25589,0
5744,3.7388e+05,25584,0
5745,3.7386e+05,25579,0
5746,3.7385e+05,25574,0
5747,3.7383e+05,25568,0
5748,3.7381e+05,25563,0
5749,3.7379e+05,25558,0
5750,3.7377e+05,25553,0
5751,3.7376e+05,25548,0
5752,3.7374e+05,25543,0
5753,3.7372e+05,25537,0
5754,3.737e+05,25532,0
5755,3.7368e+05,25527,0
5756,3.7366e+05,25521,0
5757,3.7365e+05,25516,0
5758,3.7363e+05,25511,0
5759,3.7361e+05,25506,0
5760,3.7359e+05,25500,0
5761,3.7357e+05,25495,0
5762,3.7356e+05,25490,0
5763,3.7354e+05,25484,0
5764,3.7352e+05,25479,0
5765,3.735e+05,25473,0
5766,3.7348e+05,25468,0
5767,3.7347e+05,25462,0
5768,3.7345e+05,25457,0
5769,3.7343e+05,25452,0
5770,3.7341e+05,25446,0
5771,3.7339e+05,25441,0
5772,3.7338e+05,25435,0
5773,3.7336e+05,25430,0
5774,3.7334e+05,25424,0
5775,3.7332e+05,25418,0
5776,3.7331e+05,25413,0
5777,3.7329e+05,25407,0
5778,3.7327e+05,25402,0
5779,3.7325e+05,25396,0
5780,3.7323e+05,25390,0
5781,3.7322e+05,25385,0
5782,3.732e+05,25379,0
5783,3.7318e+05,25373,0
5784,3.7316e+05,25368,0
5785,3.7314e+05,25362,0
5786,3.7313e+05,25356,0
5787,3.7311e+05,25351,0
5788,3.7309e+05,25345,0
5789,3.7307e+05,25339,0
5790,3.7305e+05,25333,0
5791,3.7304e+05,25328,0
5792,3.7302e+05,25322,0
5793,3.73e+05,25316,0
5794,3.7298e+05,25310,0
5795,3.7297e+05,25304,0
5796,3.7295e+05,25298,0
5797,3.7293e+05,25293,0
5798,3.7291e+05,25287,0
5799,3.7289e+05,25281,0
5800,3.7288e+05,25275,0
5801,3.7286e+05,25269,0
5802,3.7284e+05,25263,0
5803,3.7282e+05,25257,0
5804,3.7281e+05,25251,0
5805,3.7279e+05,25245,0
5806,3.7277e+05,25239,0
5807,3.7275e+05,25233,0
5808,3.7274e+05,25227,0
5809,3.7272e+05,25221,0
5810,3.727e+05,25215,0
5811,3.7268e+05,25209,0
5812,3.7266e+05,25203,0
5813,3.7265e+05,25197,0
5814,3.7263e+05,25190,0
5815,3.7261e+05,25184,0
5816,3.7259e+05,25178,0
5817,3.7258e+05,25172,0
5818,3.7256e+05,25166,0
5819,3.7254e+05,25160,0
5820,3.7252e+05,25153,0
5821,3.7251e+05,25147,0
5822,3.7249e+05,25141,0
5823,3.7247e+05,25135,0
5824,3.7245e+05,25128,0
5825,3.7243e+05,25122,0
5826,3.7242e+05,25116,0
5827,3.724e+05,25110,0
5828,3.7238e+05,25103,0
5829,3.7236e+05,25097,0
5830,3.7235e+05,25091,0
5831,3.7233e+05,25084,0
5832,3.7231e+05,25078,0
5833,3.7229e+05,25071,0
5834,3.7228e+05,25065,0
5835,3.7226e+05,25059,0
5836,3.7224e+05,25052,0
5837,3.7222e+05,25046,0
5838,3.7221e+05,25039,0
5839,3.7219e+05,25033,0
5840,3.7217e+05,25026,0
5841,3.7215e+05,25020,0
5842,3.7214e+05,25013,0
5843,3.7212e+05,25007,0
5844,3.721e+05,25000,0
5845,3.7208e+05,24994,0
5846,3.7207e+05,24987,0
5847,3.7205e+05,24980,0
5848,3.7203e+05,24974,0
5849,3.7201e+05,24967,0
5850,3.72e+05,24961,0
5851,3.7198e+05,24954,0
5852,3.7196e+05,24947,0
5853,3.7194e+05,24941,0
5854,3.7193e+05,24934,0
5855,3.7191e+05,24927,0
5856,3.7189e+05,24920,0
5857,3.7187e+05,24914,0
5858,3.7186e+05,24907,0
5859,3.7184e+05,24900,0
5860,3.7182e+05,24893,0
5861,3.7181e+05,24887,0
5862,3.7179e+05,24880,0
5863,3.7177e+05,24873,0
5864,3.7175e+05,24866,0
5865,3.7174e+05,24859,0
5866,3.7172e+05,24853,0
5867,3.717e+05,24846,0
5868,3.7168e+05,24839,0
5869,3.7167e+05,24832,0
5870,3.7165e+05,24825,0
5871,3.7163e+05,24818,0
5872,3.7161e+05,24811,0
5873,3.716e+05,24804,0
5874,3.7158e+05,24797,0
5875,3.7156e+05,24790,0
5876,3.7155e+05,24783,0
5877,3.7153e+05,24776,0
5878,3.7151e+05,24769,0
5879,3.7149e+05,24762,0
5880,3.7148e+05,24755,0
5881,3.7146e+05,24748,0
5882,3.7144e+05,24741,0
5883,3.7143e+05,24734,0
5884,3.7141e+05,24727,0
5885,3.7139e+05,24720,0
5886,3.7137e+05,24712,0
5887,3.7136e+05,24705,0
5888,3.7134e+05,24698,0
5889,3.7132e+05,24691,0
5890,3.713e+05,24684,0
5891,3.7129e+05,24677,0
5892,3.7127e+05,24669,0
5893,3.7125e+05,24662,0
5894,3.7124e+05,24655,0
5895,3.7122e+05,24648,0
5896,3.712e+05,24640,0
5897,3.7118e+05,24633,0
5898,3.7117e+05,24626,0
5899,3.7115e+05,24618,0
5900,3.7113e+05,24611,0
5901,3.7112e+05,24604,0
5902,3.711e+05,24596,0
5903,3.7108e+05,24589,0
5904,3.7107e+05,24582,0
5905,3.7105e+05,24574,0
5906,3.7103e+05,24567,0
5907,3.7101e+05,24559,0
5908,3.71e+05,24552,0
5909,3.7098e+05,24544,0
5910,3.7096e+05,24537,0
5911,3.7095e+05,24530,0
5912,3.7093e+05,24522,0
5913,3.7091e+05,24515,0
5914,3.7089e+05,24507,0
5915,3.7088e+05,24499,0
5916,3.7086e+05,24492,0
5917,3.7084e+05,24484,0
5918,3.7083e+05,24477,0
5919,3.7081e+05,24469,0
5920,3.7079e+05,24462,0
5921,3.7078e+05,24454,0
5922,3.7076e+05,24446,0
5923,3.7074e+05,24439,0
5924,3.7073e+05,24431,0
5925,3.7071e+05,24423,0
5926,3.7069e+05,24416,0
5927,3.7067e+05,24408,0
5928,3.7066e+05,24400,0
5929,3.7064e+05,24393,0
5930,3.7062e+05,24385,0
5931,3.7061e+05,24377,0
5932,3.7059e+05,24369,0
5933,3.7057e+05,24361,0
5934,3.7056e+05,24354,0
5935,3.7054e+05,24346,0
5936,3.7052e+05,24338,0
5937,3.7051e+05,24330,0
5938,3.7049e+05,24322,0
5939,3.7047e+05,24314,0
5940,3.7046e+05,24307,0
5941,3.7044e+05,24299,0
5942,3.7042e+05,24291,0
5943,3.704e+05,24283,0
5944,3.7039e+05,24275,0
5945,3.7037e+05,24267,0
5946,3.7035e+05,24259,0
5947,3.7034e+05,24251,0
5948,3.7032e+05,24243,0
5949,3.703e+05,24235,0
5950,3.7029e+05,24227,0
5951,3.7027e+05,24219,0
5952,3.7025e+05,24211,0
5953,3.7024e+05,24203,0
5954,3.7022e+05,24195,0
5955,3.702e+05,24187,0
5956,3.7019e+05,24179,0
5957,3.7017e+05,24171,0
5958,3.7015e+05,24163,0
5959,3.7014e+05,24154,0
5960,3.7012e+05,24146,0
5961,3.701e+05,24138,0
5962,3.7009e+05,24130,0
5963,3.7007e+05,24122,0
5964,3.7005e+05,24114,0
5965,3.7004e+05,24105,0
5966,3.7002e+05,24097,0
5967,3.7e+05,24089,0
5968,3.6999e+05,24081,0
5969,3.6997e+05,24072,0
5970,3.6995e+05,24064,0
5971,3.6994e+05,24056,0
5972,3.6992e+05,24047,0
5973,3.699e+05,24039,0
5974,3.6989e+05,24031,0
5975,3.6987e+05,24022,0
5976,3.6986e+05,24014,0
5977,3.6984e+05,24006,0
5978,3.6982e+05,23997,0
5979,3.6981e+05,23989,0
5980,3.6979e+05,23981,0
5981,3.6977e+05,23972,0
5982,3.6976e+05,23964,0
5983,3.6974e+05,23955,0
5984,3.6972e+05,23947,0
5985,3.6971e+05,23938,0
5986,3.6969e+05,23930,0
5987,3.6967e+05,23921,0
5988,3.6966e+05,23913,0
5989,3.6964e+05,23904,0
5990,3.6962e+05,23896,0
5991,3.6961e+05,23887,0
5992,3.6959e+05,23879,0
5993,3.6957e+05,23870,0
5994,3.6956e+05,23861,0
5995,3.6954e+05,23853,0
5996,3.6953e+05,23844,0
5997,3.6951e+05,23836,0
5998,3.6949e+05,23827,0
5999,3.6948e+05,23818,0
6000,3.6946e+05,23810,0
6001,3.6944e+05,23801,0
6002,3.6943e+05,23792,0
6003,3.6941e+05,23783,0
6004,3.6939e+05,23775,0
6005,3.6938e+05,23766,0
6006,3.6936e+05,23757,0
6007,3.6935e+05,23748,0
6008,3.6933e+05,23740,0
6009,3.6931e+05,23731,0
6010,3.693e+05,23722,0
6011,3.6928e+05,23713,0
6012,3.6926e+05,23704,0
6013,3.6925e+05,23696,0
6014,3.6923e+05,23687,0
6015,3.6922e+05,23678,0
6016,3.692e+05,23669,0
6017,3.6918e+05,23660,0
6018,3.6917e+05,23651,0
6019,3.6915e+05,23642,0
6020,3.6913e+05,23633,0
6021,3.6912e+05,23624,0
6022,3.691e+05,23615,0
6023,3.6909e+05,23606,0
6024,3.6907e+05,23597,0
6025,3.6905e+05,23588,0
6026,3.6904e+05,23579,0
6027,3.6902e+05,23570,0
6028,3.6901e+05,23561,0
6029,3.6899e+05,23552,0
6030,3.6897e+05,23543,0
6031,3.6896e+05,23534,0
6032,3.6894e+05,23525,0
6033,3.6892e+05,23516,0
6034,3.6891e+05,23507,0
6035,3.6889e+05,23498,0
6036,3.6888e+05,23489,0
6037,3.6886e+05,23479,0
6038,3.6884e+05,23470,0
6039,3.6883e+05,23461,0
6040,3.6881e+05,23452,0
6041,3.688e+05,23443,0
6042,3.6878e+05,23434,0
6043,3.6876e+05,23424,0
6044,3.6875e+05,23415,0
6045,3.6873e+05,23406,0
6046,3.6872e+05,23396,0
6047,3.687e+05,23387,0
6048,3.6868e+05,23378,0
6049,3.6867e+05,23369,0
6050,3.6865e+05,23359,0
6051,3.6864e+05,23350,0
6052,3.6862e+05,23341,0
6053,3.686e+05,23331,0
6054,3.6859e+05,23322,0
6055,3.6857e+05,23312,0
6056,3.6856e+05,23303,0
6057,3.6854e+05,23294,0
6058,3.6852e+05,23284,0
6059,3.6851e+05,23275,0
6060,3.6849e+05,23265,0
6061,3.6848e+05,23256,0
6062,3.6846e+05,23246,0
6063,3.6844e+05,23237,0
6064,3.6843e+05,23227,0
6065,3.6841e+05,23218,0
6066,3.684e+05,23208,0
6067,3.6838e+05,23199,0
6068,3.6837e+05,23189,0
6069,3.6835e+05,23180,0
6070,3.6833e+05,23170,0
6071,3.6832e+05,23161,0
6072,3.683e+05,23151,0
6073,3.6829e+05,23141,0
6074,3.6827e+05,23132,0
6075,3.6825e+05,23122,0
6076,3.6824e+05,23112,0
6077,3.6822e+05,23103,0
6078,3.6821e+05,23093,0
6079,3.6819e+05,23083,0
6080,3.6818e+05,23074,0
6081,3.6816e+05,23064,0
6082,3.6814e+05,23054,0
6083,3.6813e+05,23045,0
6084,3.6811e+05,23035,0
6085,3.681e+05,23025,0
6086,3.6808e+05,23015,0
6087,3.6807e+05,23006,0
6088,3.6805e+05,22996,0
6089,3.6803e+05,22986,0
6090,3.6802e+05,22976,0
6091,3.68e+05,22966,0
6092,3.6799e+05,22956,0
6093,3.6797e+05,22947,0
6094,3.6796e+05,22937,0
6095,3.6794e+05,22927,0
6096,3.6793e+05,22917,0
6097,3.6791e+05,22907,0
6098,3.6789e+05,22897,0
6099,3.6788e+05,22887,0
6100,3.6786e+05,22877,0
6101,3.6785e+05,22867,0
6102,3.6783e+05,22857,0
6103,3.6782e+05,22847,0
6104,3.678e+05,22837,0
6105,3.6779e+05,22827,0
6106,3.6777e+05,22817,0
6107,3.6775e+05,22807,0
6108,3.6774e+05,22797,0
6109,3.6772e+05,22787,0
6110,3.6771e+05,22777,0
6111,3.6769e+05,22767,0
6112,3.6768e+05,22757,0
6113,3.6766e+05,22747,0
6114,3.6765e+05,22737,0
6115,3.6763e+05,22726,0
6116,3.6761e+05,22716,0
6117,3.676e+05,22706,0
6118,3.6758e+05,22696,0
6119,3.6757e+05,22686,0
6120,3.6755e+05,22676,0
6121,3.6754e+05,22665,0
6122,3.6752e+05,22655,0
6123,3.6751e+05,22645,0
6124,3.6749e+05,22635,0
6125,3.6748e+05,22624,0
6126,3.6746e+05,22614,0
6127,3.6745e+05,22604,0
6128,3.6743e+05,22593,0
6129,3.6741e+05,22583,0
6130,3.674e+05,22573,0
6131,3.6738e+05,22563,0
6132,3.6737e+05,22552,0
6133,3.6735e+05,22542,0
6134,3.6734e+05,22531,0
6135,3.6732e+05,22521,0
6136,3.6731e+05,22511,0
6137,3.6729e+05,22500,0
6138,3.6728e+05,22490,0
6139,3.6726e+05,22479,0
6140,3.6725e+05,22469,0
6141,3.6723e+05,22459,0
6142,3.6722e+05,22448,0
6143,3.672e+05,22438,0
6144,3.6719e+05,22427,0
6145,3.6717e+05,22417,0
6146,3.6716e+05,22406,0
6147,3.6714e+05,22396,0
6148,3.6713e+05,22385,0
6149,3.6711e+05,22374,0
6150,3.6709e+05,22364,0
6151,3.6708e+05,22353,0
6152,3.6706e+05,22343,0
6153,3.6705e+05,22332,0
6154,3.6703e+05,22322,0
6155,3.6702e+05,22311,0
6156,3.67e+05,22300,0
6157,3.6699e+05,22290,0
6158,3.6697e+05,22279,0
6159,3.6696e+05,22268,0
6160,3.6694e+05,22258,0
6161,3.6693e+05,22247,0
6162,3.6691e+05,22236,0
6163,3.669e+05,22225,0
6164,3.6688e+05,22215,0
6165,3.6687e+05,22204,0
6166,3.6685e+05,22193,0
6167,3.6684e+05,22182,0
6168,3.6682e+05,22172,0
6169,3.6681e+05,22161,0
6170,3.6679e+05,22150,0
6171,3.6678e+05,22139,0
6172,3.6676e+05,22128,0
6173,3.6675e+05,22118,0
6174,3.6673e+05,22107,0
6175,3.6672e+05,22096,0
6176,3.667e+05,22085,0
6177,3.6669e+05,22074,0
6178,3.6667e+05,22063,0
6179,3.6666e+05,22052,0
6180,3.6664e+05,22041,0
6181,3.6663e+05,22030,0
6182,3.6661e+05,22020,0
6183,3.666e+05,22009,0
6184,3.6658e+05,21998,0
6185,3.6657e+05,21987,0
6186,3.6655e+05,21976,0
6187,3.6654e+05,21965,0
6188,3.6652e+05,21954,0
6189,3.6651e+05,21943,0
6190,3.665e+05,21932,0
6191,3.6648e+05,21920,0
6192,3.6647e+05,21909,0
6193,3.6645e+05,21898,0
6194,3.6644e+05,21887,0
6195,3.6642e+05,21876,0
6196,3.6641e+05,21865,0
6197,3.6639e+05,21854,0
6198,3.6638e+05,21843,0
6199,3.6636e+05,21832,0
6200,3.6635e+05,21820,0
6201,3.6633e+05,21809,0
6202,3.6632e+05,21798,0
6203,3.663e+05,21787,0
6204,3.6629e+05,21776,0
6205,3.6627e+05,21765,0
6206,3.6626e+05,21753,0
6207,3.6624e+05,21742,0
6208,3.6623e+05,21731,0
6209,3.6621e+05,21720,0
6210,3.662e+05,21708,0
6211,3.6619e+05,21697,0
6212,3.6617e+05,21686,0
6213,3.6616e+05,21674,0
6214,3.6614e+05,21663,0
6215,3.6613e+05,21652,0
6216,3.6611e+05,21640,0
6217,3.661e+05,21629,0
6218,3.6608e+05,21618,0
6219,3.6607e+05,21606,0
6220,3.6605e+05,21595,0
6221,3.6604e+05,21583,0
6222,3.6603e+05,21572,0
6223,3.6601e+05,21561,0
6224,3.66e+05,21549,0
6225,3.6598e+05,21538,0
6226,3.6597e+05,21526,0
6227,3.6595e+05,21515,0
6228,3.6594e+05,21503,0
6229,3.6592e+05,21492,0
6230,3.6591e+05,21480,0
6231,3.6589e+05,21469,0
6232,3.6588e+05,21457,0
6233,3.6587e+05,21446,0
6234,3.6585e+05,21434,0
6235,3.6584e+05,21423,0
6236,3.6582e+05,21411,0
6237,3.6581e+05,21399,0
6238,3.6579e+05,21388,0
6239,3.6578e+05,21376,0
6240,3.6576e+05,21365,0
6241,3.6575e+05,21353,0
6242,3.6574e+05,21341,0
6243,3.6572e+05,21330,0
6244,3.6571e+05,21318,0
6245,3.6569e+05,21306,0
6246,3.6568e+05,21295,0
6247,3.6566e+05,21283,0
6248,3.6565e+05,21271,0
6249,3.6564e+05,21260,0
6250,3.6562e+05,21248,0
6251,3.6561e+05,21236,0
6252,3.6559e+05,21224,0
6253,3.6558e+05,21212,0
6254,3.6556e+05,21201,0
6255,3.6555e+05,21189,0
6256,3.6554e+05,21177,0
6257,3.6552e+05,21165,0
6258,3.6551e+05,21153,0
6259,3.6549e+05,21142,0
6260,3.6548e+05,21130,0
6261,3.6546e+05,21118,0
6262,3.6545e+05,21106,0
6263,3.6544e+05,21094,0
6264,3.6542e+05,21082,0
6265,3.6541e+05,21070,0
6266,3.6539e+05,21058,0
6267,3.6538e+05,21047,0
6268,3.6537e+05,21035,0
6269,3.6535e+05,21023,0
6270,3.6534e+05,21011,0
6271,3.6532e+05,20999,0
6272,3.6531e+05,20987,0
6273,3.6529e+05,20975,0
6274,3.6528e+05,20963,0
6275,3.6527e+05,20951,0
6276,3.6525e+05,20939,0
6277,3.6524e+05,20927,0
6278,3.6522e+05,20915,0
6279,3.6521e+05,20903,0
6280,3.652e+05,20890,0
6281,3.6518e+05,20878,0
6282,3.6517e+05,20866,0
6283,3.6515e+05,20854,0
6284,3.6514e+05,20842,0
6285,3.6513e+05,20830,0
6286,3.6511e+05,20818,0
6287,3.651e+05,20806,0
6288,3.6508e+05,20793,0
6289,3.6507e+05,20781,0
6290,3.6506e+05,20769,0
6291,3.6504e+05,20757,0
6292,3.6503e+05,20745,0
6293,3.6501e+05,20732,0
6294,3.65e+05,20720,0
6295,3.6499e+05,20708,0
6296,3.6497e+05,20696,0
6297,3.6496e+05,20683,0
6298,3.6495e+05,20671,0
6299,3.6493e+05,20659,0
6300,3.6492e+05,20647,0
6301,3.649e+05,20634,0
6302,3.6489e+05,20622,0
6303,3.6488e+05,20610,0
6304,3.6486e+05,20597,0
6305,3.6485e+05,20585,0
6306,3.6483e+05,20573,0
6307,3.6482e+05,20560,0
6308,3.6481e+05,20548,0
6309,3.6479e+05,20535,0
6310,3.6478e+05,20523,0
6311,3.6477e+05,20511,0
6312,3.6475e+05,20498,0
6313,3.6474e+05,20486,0
6314,3.6472e+05,20473,0
6315,3.6471e+05,20461,0
6316,3.647e+05,20448,0
6317,3.6468e+05,20436,0
6318,3.6467e+05,20423,0
6319,3.6466e+05,20411,0
6320,3.6464e+05,20398,0
6321,3.6463e+05,20386,0
6322,3.6462e+05,20373,0
6323,3.646e+05,20361,0
6324,3.6459e+05,20348,0
6325,3.6457e+05,20336,0
6326,3.6456e+05,20323,0
6327,3.6455e+05,20310,0
6328,3.6453e+05,20298,0
6329,3.6452e+05,20285,0
6330,3.6451e+05,20273,0
6331,3.6449e+05,20260,0
6332,3.6448e+05,20247,0
6333,3.6447e+05,20235,0
6334,3.6445e+05,20222,0
6335,3.6444e+05,20209,0
6336,3.6443e+05,20197,0
6337,3.6441e+05,20184,0
6338,3.644e+05,20171,0
6339,3.6438e+05,20159,0
6340,3.6437e+05,20146,0
6341,3.6436e+05,20133,0
6342,3.6434e+05,20120,0
6343,3.6433e+05,20108,0
6344,3.6432e+05,20095,0
6345,3.643e+05,20082,0
6346,3.6429e+05,20069,0
6347,3.6428e+05,20056,0
6348,3.6426e+05,20044,0
6349,3.6425e+05,20031,0
6350,3.6424e+05,20018,0
6351,3.6422e+05,20005,0
6352,3.6421e+05,19992,0
6353,3.642e+05,19979,0
6354,3.6418e+05,19966,0
6355,3.6417e+05,19954,0
6356,3.6416e+05,19941,0
6357,3.6414e+05,19928,0
6358,3.6413e+05,19915,0
6359,3.6412e+05,19902,0
6360,3.641e+05,19889,0
6361,3.6409e+05,19876,0
6362,3.6408e+05,19863,0
6363,3.6406e+05,19850,0
6364,3.6405e+05,19837,0
6365,3.6404e+05,19824,0
6366,3.6402e+05,19811,0
6367,3.6401e+05,19798,0
6368,3.64e+05,19785,0
6369,3.6398e+05,19772,0
6370,3.6397e+05,19759,0
6371,3.6396e+05,19746,0
6372,3.6394e+05,19733,0
6373,3.6393e+05,19720,0
6374,3.6392e+05,19707,0
6375,3.6391e+05,19693,0
6376,3.6389e+05,19680,0
6377,3.6388e+05,19667,0
6378,3.6387e+05,19654,0
6379,3.6385e+05,19641,0
6380,3.6384e+05,19628,0
6381,3.6383e+05,19615,0
6382,3.6381e+05,19601,0
6383,3.638e+05,19588,0
6384,3.6379e+05,19575,0
6385,3.6377e+05,19562,0
6386,3.6376e+05,19549,0
6387,3.6375e+05,19535,0
6388,3.6374e+05,19522,0
6389,3.6372e+05,19509,0
6390,3.6371e+05,19496,0
6391,3.637e+05,19482,0
6392,3.6368e+05,19469,0
6393,3.6367e+05,19456,0
6394,3.6366e+05,19443,0
6395,3.6364e+05,19429,0
6396,3.6363e+05,19416,0
6397,3.6362e+05,19403,0
6398,3.6361e+05,19389,0
6399,3.6359e+05,19376,0
6400,3.6358e+05,19362,0
6401,3.6357e+05,19349,0
6402,3.6355e+05,19336,0
6403,3.6354e+05,19322,0
6404,3.6353e+05,19309,0
6405,3.6351e+05,19296,0
6406,3.635e+05,19282,0
6407,3.6349e+05,19269,0
6408,3.6348e+05,19255,0
6409,3.6346e+05,19242,0
6410,3.6345e+05,19228,0
6411,3.6344e+05,19215,0
6412,3.6343e+05,19201,0
6413,3.6341e+05,19188,0
6414,3.634e+05,19174,0
6415,3.6339e+05,19161,0
6416,3.6337e+05,19147,0
6417,3.6336e+05,19134,0
6418,3.6335e+05,19120,0
6419,3.6334e+05,19107,0
6420,3.6332e+05,19093,0
6421,3.6331e+05,19079,0
6422,3.633e+05,19066,0
6423,3.6328e+05,19052,0
6424,3.6327e+05,19039,0
6425,3.6326e+05,19025,0
6426,3.6325e+05,19011,0
6427,3.6323e+05,18998,0
6428,3.6322e+05,18984,0
6429,3.6321e+05,18970,0
6430,3.632e+05,18957,0
6431,3.6318e+05,18943,0
6432,3.6317e+05,18929,0
6433,3.6316e+05,18916,0
6434,3.6315e+05,18902,0
6435,3.6313e+05,18888,0
6436,3.6312e+05,18875,0
6437,3.6311e+05,18861,0
6438,3.631e+05,18847,0
6439,3.6308e+05,18833,0
6440,3.6307e+05,18820,0
6441,3.6306e+05,18806,0
6442,3.6305e+05,18792,0
6443,3.6303e+05,18778,0
6444,3.6302e+05,18764,0
6445,3.6301e+05,18751,0
6446,3.63e+05,18737,0
6447,3.6298e+05,18723,0
6448,3.6297e+05,18709,0
6449,3.6296e+05,18695,0
6450,3.6295e+05,18681,0
6451,3.6293e+05,18667,0
6452,3.6292e+05,18654,0
6453,3.6291e+05,18640,0
6454,3.629e+05,18626,0
6455,3.6288e+05,18612,0
6456,3.6287e+05,18598,0
6457,3.6286e+05,18584,0
6458,3.6285e+05,18570,0
6459,3.6283e+05,18556,0
6460,3.6282e+05,18542,0
6461,3.6281e+05,18528,0
6462,3.628e+05,18514,0
6463,3.6279e+05,18500,0
6464,3.6277e+05,18486,0
6465,3.6276e+05,18472,0
6466,3.6275e+05,18458,0
6467,3.6274e+05,18444,0
6468,3.6272e+05,18430,0
6469,3.6271e+05,18416,0
6470,3.627e+05,18402,0
6471,3.6269e+05,18388,0
6472,3.6267e+05,18374,0
6473,3.6266e+05,18360,0
6474,3.6265e+05,18346,0
6475,3.6264e+05,18331,0
6476,3.6263e+05,18317,0
6477,3.6261e+05,18303,0
6478,3.626e+05,18289,0
6479,3.6259e+05,18275,0
6480,3.6258e+05,18261,0
6481,3.6257e+05,18246,0
6482,3.6255e+05,18232,0
6483,3.6254e+05,18218,0
6484,3.6253e+05,18204,0
6485,3.6252e+05,18190,0
6486,3.625e+05,18175,0
6487,3.6249e+05,18161,0
6488,3.6248e+05,18147,0
6489,3.6247e+05,18133,0
6490,3.6246e+05,18119,0
6491,3.6244e+05,18104,0
6492,3.6243e+05,18090,0
6493,3.6242e+05,18076,0
6494,3.6241e+05,18061,0
6495,3.624e+05,18047,0
6496,3.6238e+05,18033,0
6497,3.6237e+05,18018,0
6498,3.6236e+05,18004,0
6499,3.6235e+05,17990,0
6500,3.6234e+05,17975,0
6501,3.6233e+05,17961,0
6502,3.6231e+05,17947,0
6503,3.623e+05,17932,0
6504,3.6229e+05,17918,0
6505,3.6228e+05,17903,0
6506,3.6227e+05,17889,0
6507,3.6225e+05,17875,0
6508,3.6224e+05,17860,0
6509,3.6223e+05,17846,0
6510,3.6222e+05,17831,0
6511,3.6221e+05,17817,0
6512,3.6219e+05,17802,0
6513,3.6218e+05,17788,0
6514,3.6217e+05,17773,0
6515,3.6216e+05,17759,0
6516,3.6215e+05,17744,0
6517,3.6214e+05,17730,0
6518,3.6212e+05,17715,0
6519,3.6211e+05,17701,0
6520,3.621e+05,17686,0
6521,3.6209e+05,17672,0
6522,3.6208e+05,17657,0
6523,3.6207e+05,17643,0
6524,3.6205e+05,17628,0
6525,3.6204e+05,17613,0
6526,3.6203e+05,17599,0
6527,3.6202e+05,17584,0
6528,3.6201e+05,17570,0
6529,3.62e+05,17555,0
6530,3.6198e+05,17540,0
6531,3.6197e+05,17526,0
6532,3.6196e+05,17511,0
6533,3.6195e+05,17496,0
6534,3.6194e+05,17482,0
6535,3.6193e+05,17467,0
6536,3.6191e+05,17452,0
6537,3.619e+05,17438,0
6538,3.6189e+05,17423,0
6539,3.6188e+05,17408,0
6540,3.6187e+05,17393,0
6541,3.6186e+05,17379,0
6542,3.6184e+05,17364,0
6543,3.6183e+05,17349,0
6544,3.6182e+05,17334,0
6545,3.6181e+05,17320,0
6546,3.618e+05,17305,0
6547,3.6179e+05,17290,0
6548,3.6178e+05,17275,0
6549,3.6176e+05,17260,0
6550,3.6175e+05,17246,0
6551,3.6174e+05,17231,0
6552,3.6173e+05,17216,0
6553,3.6172e+05,17201,0
6554,3.6171e+05,17186,0
6555,3.617e+05,17171,0
6556,3.6168e+05,17156,0
6557,3.6167e+05,17141,0
6558,3.6166e+05,17127,0
6559,3.6165e+05,17112,0
6560,3.6164e+05,17097,0
6561,3.6163e+05,17082,0
6562,3.6162e+05,17067,0
6563,3.6161e+05,17052,0
6564,3.6159e+05,17037,0
6565,3.6158e+05,17022,0
6566,3.6157e+05,17007,0
6567,3.6156e+05,16992,0
6568,3.6155e+05,16977,0
6569,3.6154e+05,16962,0
6570,3.6153e+05,16947,0
6571,3.6152e+05,16932,0
6572,3.615e+05,16917,0
6573,3.6149e+05,16902,0
6574,3.6148e+05,16887,0
6575,3.6147e+05,16872,0
6576,3.6146e+05,16857,0
6577,3.6145e+05,16842,0
6578,3.6144e+05,16827,0
6579,3.6143e+05,16812,0
6580,3.6142e+05,16797,0
6581,3.614e+05,16781,0
6582,3.6139e+05,16766,0
6583,3.6138e+05,16751,0
6584,3.6137e+05,16736,0
6585,3.6136e+05,16721,0
6586,3.6135e+05,16706,0
6587,3.6134e+05,16691,0
6588,3.6133e+05,16675,0
6589,3.6132e+05,16660,0
6590,3.613e+05,16645,0
6591,3.6129e+05,16630,0
6592,3.6128e+05,16615,0
6593,3.6127e+05,16600,0
6594,3.6126e+05,16584,0
6595,3.6125e+05,16569,0
6596,3.6124e+05,16554,0
6597,3.6123e+05,16539,0
6598,3.6122e+05,16523,0
6599,3.6121e+05,16508,0
6600,3.6119e+05,16493,0
6601,3.6118e+05,16477,0
6602,3.6117e+05,16462,0
6603,3.6116e+05,16447,0
6604,3.6115e+05,16432,0
6605,3.6114e+05,16416,0
6606,3.6113e+05,16401,0
6607,3.6112e+05,16386,0
6608,3.6111e+05,16370,0
6609,3.611e+05,16355,0
6610,3.6109e+05,16340,0
6611,3.6108e+05,16324,0
6612,3.6106e+05,16309,0
6613,3.6105e+05,16293,0
6614,3.6104e+05,16278,0
6615,3.6103e+05,16263,0
6616,3.6102e+05,16247,0
6617,3.6101e+05,16232,0
6618,3.61e+05,16216,0
6619,3.6099e+05,16201,0
6620,3.6098e+05,16185,0
6621,3.6097e+05,16170,0
6622,3.6096e+05,16155,0
6623,3.6095e+05,16139,0
6624,3.6094e+05,16124,0
6625,3.6093e+05,16108,0
6626,3.6091e+05,16093,0
6627,3.609e+05,16077,0
6628,3.6089e+05,16062,0
6629,3.6088e+05,16046,0
6630,3.6087e+05,16031,0
6631,3.6086e+05,16015,0
6632,3.6085e+05,15999,0
6633,3.6084e+05,15984,0
6634,3.6083e+05,15968,0
6635,3.6082e+05,15953,0
6636,3.6081e+05,15937,0
6637,3.608e+05,15922,0
6638,3.6079e+05,15906,0
6639,3.6078e+05,15890,0
6640,3.6077e+05,15875,0
6641,3.6076e+05,15859,0
6642,3.6075e+05,15843,0
6643,3.6074e+05,15828,0
6644,3.6073e+05,15812,0
6645,3.6071e+05,15797,0
6646,3.607e+05,15781,0
6647,3.6069e+05,15765,0
6648,3.6068e+05,15750,0
6649,3.6067e+05,15734,0
6650,3.6066e+05,15718,0
6651,3.6065e+05,15702,0
6652,3.6064e+05,15687,0
6653,3.6063e+05,15671,0
6654,3.6062e+05,15655,0
6655,3.6061e+05,15639,0
6656,3.606e+05,15624,0
6657,3.6059e+05,15608,0
6658,3.6058e+05,15592,0
6659,3.6057e+05,15576,0
6660,3.6056e+05,15561,0
6661,3.6055e+05,15545,0
6662,3.6054e+05,15529,0
6663,3.6053e+05,15513,0
6664,3.6052e+05,15497,0
6665,3.6051e+05,15482,0
6666,3.605e+05,15466,0
6667,3.6049e+05,15450,0
6668,3.6048e+05,15434,0
6669,3.6047e+05,15418,0
6670,3.6046e+05,15402,0
6671,3.6045e+05,15386,0
6672,3.6044e+05,15371,0
6673,3.6043e+05,15355,0
6674,3.6042e+05,15339,0
6675,3.6041e+05,15323,0
6676,3.604e+05,15307,0
6677,3.6039e+05,15291,0
6678,3.6038e+05,15275,0
6679,3.6037e+05,15259,0
6680,3.6036e+05,15243,0
6681,3.6035e+05,15227,0
6682,3.6034e+05,15211,0
6683,3.6033e+05,15195,0
6684,3.6032e+05,15179,0
6685,3.6031e+05,15163,0
6686,3.603e+05,15147,0
6687,3.6029e+05,15131,0
6688,3.6028e+05,15115,0
6689,3.6027e+05,15099,0
6690,3.6026e+05,15083,0
6691,3.6025e+05,15067,0
6692,3.6024e+05,15051,0
6693,3.6023e+05,15035,0
6694,3.6022e+05,15019,0
6695,3.6021e+05,15003,0
6696,3.602e+05,14987,0
6697,3.6019e+05,14971,0
6698,3.6018e+05,14955,0
6699,3.6017e+05,14939,0
6700,3.6016e+05,14923,0
6701,3.6015e+05,14906,0
6702,3.6014e+05,14890,0
6703,3.6013e+05,14874,0
6704,3.6012e+05,14858,0
6705,3.6011e+05,14842,0
6706,3.601e+05,14826,0
6707,3.6009e+05,14810,0
6708,3.6008e+05,14793,0
6709,3.6007e+05,14777,0
6710,3.6006e+05,14761,0
6711,3.6005e+05,14745,0
6712,3.6004e+05,14729,0
6713,3.6003e+05,14712,0
6714,3.6002e+05,14696,0
6715,3.6001e+05,14680,0
6716,3.6e+05,14664,0
6717,3.5999e+05,14647,0
6718,3.5998e+05,14631,0
6719,3.5997e+05,14615,0
6720,3.5996e+05,14599,0
6721,3.5995e+05,14582,0
6722,3.5994e+05,14566,0
6723,3.5993e+05,14550,0
6724,3.5992e+05,14534,0
6725,3.5992e+05,14517,0
6726,3.5991e+05,14501,0
6727,3.599e+05,14485,0
6728,3.5989e+05,14468,0
6729,3.5988e+05,14452,0
6730,3.5987e+05,14436,0
6731,3.5986e+05,14419,0
6732,3.5985e+05,14403,0
6733,3.5984e+05,14387,0
6734,3.5983e+05,14370,0
6735,3.5982e+05,14354,0
6736,3.5981e+05,14337,0
6737,3.598e+05,14321,0
6738,3.5979e+05,14305,0
6739,3.5978e+05,14288,0
6740,3.5977e+05,14272,0
6741,3.5976e+05,14255,0
6742,3.5975e+05,14239,0
6743,3.5974e+05,14222,0
6744,3.5974e+05,14206,0
6745,3.5973e+05,14190,0
6746,3.5972e+05,14173,0
6747,3.5971e+05,14157,0
6748,3.597e+05,14140,0
6749,3.5969e+05,14124,0
6750,3.5968e+05,14107,0
6751,3.5967e+05,14091,0
6752,3.5966e+05,14074,0
6753,3.5965e+05,14058,0
6754,3.5964e+05,14041,0
6755,3.5963e+05,14025,0
6756,3.5962e+05,14008,0
6757,3.5961e+05,13991,0
6758,3.5961e+05,13975,0
6759,3.596e+05,13958,0
6760,3.5959e+05,13942,0
6761,3.5958e+05,13925,0
6762,3.5957e+05,13909,0
6763,3.5956e+05,13892,0
6764,3.5955e+05,13875,0
6765,3.5954e+05,13859,0
6766,3.5953e+05,13842,0
6767,3.5952e+05,13826,0
6768,3.5951e+05,13809,0
6769,3.5951e+05,13792,0
6770,3.595e+05,13776,0
6771,3.5949e+05,13759,0
6772,3.5948e+05,13742,0
6773,3.5947e+05,13726,0
6774,3.5946e+05,13709,0
6775,3.5945e+05,13692,0
6776,3.5944e+05,13676,0
6777,3.5943e+05,13659,0
6778,3.5942e+05,13642,0
6779,3.5941e+05,13625,0
6780,3.5941e+05,13609,0
6781,3.594e+05,13592,0
6782,3.5939e+05,13575,0
6783,3.5938e+05,13559,0
6784,3.5937e+05,13542,0
6785,3.5936e+05,13525,0
6786,3.5935e+05,13508,0
6787,3.5934e+05,13492,0
6788,3.5933e+05,13475,0
6789,3.5933e+05,13458,0
6790,3.5932e+05,13441,0
6791,3.5931e+05,13424,0
6792,3.593e+05,13408,0
6793,3.5929e+05,13391,0
6794,3.5928e+05,13374,0
6795,3.5927e+05,13357,0
6796,3.5926e+05,13340,0
6797,3.5926e+05,13323,0
6798,3.5925e+05,13307,0
6799,3.5924e+05,13290,0
6800,3.5923e+05,13273,0
6801,3.5922e+05,13256,0
6802,3.5921e+05,13239,0
6803,3.592e+05,13222,0
6804,3.5919e+05,13205,0
6805,3.5919e+05,13188,0
6806,3.5918e+05,13172,0
6807,3.5917e+05,13155,0
6808,3.5916e+05,13138,0
6809,3.5915e+05,13121,0
6810,3.5914e+05,13104,0
6811,3.5913e+05,13087,0
6812,3.5913e+05,13070,0
6813,3.5912e+05,13053,0
6814,3.5911e+05,13036,0
6815,3.591e+05,13019,0
6816,3.5909e+05,13002,0
6817,3.5908e+05,12985,0
6818,3.5907e+05,12968,0
6819,3.5907e+05,12951,0
6820,3.5906e+05,12934,0
6821,3.5905e+05,12917,0
6822,3.5904e+05,12900,0
6823,3.5903e+05,12883,0
6824,3.5902e+05,12866,0
6825,3.5901e+05,12849,0
6826,3.5901e+05,12832,0
6827,3.59e+05,12815,0
6828,3.5899e+05,12798,0
6829,3.5898e+05,12781,0
6830,3.5897e+05,12764,0
6831,3.5896e+05,12747,0
6832,3.5896e+05,12730,0
6833,3.5895e+05,12712,0
6834,3.5894e+05,12695,0
6835,3.5893e+05,12678,0
6836,3.5892e+05,12661,0
6837,3.5891e+05,12644,0
6838,3.5891e+05,12627,0
6839,3.589e+05,12610,0
6840,3.5889e+05,12593,0
6841,3.5888e+05,12575,0
6842,3.5887e+05,12558,0
6843,3.5886e+05,12541,0
6844,3.5886e+05,12524,0
6845,3.5885e+05,12507,0
6846,3.5884e+05,12490,0
6847,3.5883e+05,12472,0
6848,3.5882e+05,12455,0
6849,3.5882e+05,12438,0
6850,3.5881e+05,12421,0
6851,3.588e+05,12404,0
6852,3.5879e+05,12386,0
6853,3.5878e+05,12369,0
6854,3.5877e+05,12352,0
6855,3.5877e+05,12335,0
6856,3.5876e+05,12318,0
6857,3.5875e+05,12300,0
6858,3.5874e+05,12283,0
6859,3.5873e+05,12266,0
6860,3.5873e+05,12248,0
6861,3.5872e+05,12231,0
6862,3.5871e+05,12214,0
6863,3.587e+05,12197,0
6864,3.5869e+05,12179,0
6865,3.5869e+05,12162,0
6866,3.5868e+05,12145,0
6867,3.5867e+05,12127,0
6868,3.5866e+05,12110,0
6869,3.5865e+05,12093,0
6870,3.5865e+05,12075,0
6871,3.5864e+05,12058,0
6872,3.5863e+05,12041,0
6873,3.5862e+05,12023,0
6874,3.5861e+05,12006,0
6875,3.5861e+05,11989,0
6876,3.586e+05,11971,0
6877,3.5859e+05,11954,0
6878,3.5858e+05,11936,0
6879,3.5858e+05,11919,0
6880,3.5857e+05,11902,0
6881,3.5856e+05,11884,0
6882,3.5855e+05,11867,0
6883,3.5854e+05,11849,0
6884,3.5854e+05,11832,0
6885,3.5853e+05,11815,0
6886,3.5852e+05,11797,0
6887,3.5851e+05,11780,0
6888,3.5851e+05,11762,0
6889,3.585e+05,11745,0
6890,3.5849e+05,11727,0
6891,3.5848e+05,11710,0
6892,3.5847e+05,11692,0
6893,3.5847e+05,11675,0
6894,3.5846e+05,11657,0
6895,3.5845e+05,11640,0
6896,3.5844e+05,11622,0
6897,3.5844e+05,11605,0
6898,3.5843e+05,11587,0
6899,3.5842e+05,11570,0
6900,3.5841e+05,11552,0
6901,3.5841e+05,11535,0
6902,3.584e+05,11517,0
6903,3.5839e+05,11500,0
6904,3.5838e+05,11482,0
6905,3.5838e+05,11465,0
6906,3.5837e+05,11447,0
6907,3.5836e+05,11429,0
6908,3.5835e+05,11412,0
6909,3.5835e+05,11394,0
6910,3.5834e+05,11377,0
6911,3.5833e+05,11359,0
6912,3.5832e+05,11341,0
6913,3.5832e+05,11324,0
6914,3.5831e+05,11306,0
6915,3.583e+05,11289,0
6916,3.5829e+05,11271,0
6917,3.5829e+05,11253,0
6918,3.5828e+05,11236,0
6919,3.5827e+05,11218,0
6920,3.5826e+05,11200,0
6921,3.5826e+05,11183,0
6922,3.5825e+05,11165,0
6923,3.5824e+05,11147,0
6924,3.5823e+05,11130,0
6925,3.5823e+05,11112,0
6926,3.5822e+05,11094,0
6927,3.5821e+05,11077,0
6928,3.5821e+05,11059,0
6929,3.582e+05,11041,0
6930,3.5819e+05,11024,0
6931,3.5818e+05,11006,0
6932,3.5818e+05,10988,0
6933,3.5817e+05,10970,0
6934,3.5816e+05,10953,0
6935,3.5816e+05,10935,0
6936,3.5815e+05,10917,0
6937,3.5814e+05,10900,0
6938,3.5813e+05,10882,0
6939,3.5813e+05,10864,0
6940,3.5812e+05,10846,0
6941,3.5811e+05,10828,0
6942,3.5811e+05,10811,0
6943,3.581e+05,10793,0
6944,3.5809e+05,10775,0
6945,3.5808e+05,10757,0
6946,3.5808e+05,10739,0
6947,3.5807e+05,10722,0
6948,3.5806e+05,10704,0
6949,3.5806e+05,10686,0
6950,3.5805e+05,10668,0
6951,3.5804e+05,10650,0
6952,3.5803e+05,10633,0
6953,3.5803e+05,10615,0
6954,3.5802e+05,10597,0
6955,3.5801e+05,10579,0
6956,3.5801e+05,10561,0
6957,3.58e+05,10543,0
6958,3.5799e+05,10525,0
6959,3.5799e+05,10508,0
6960,3.5798e+05,10490,0
6961,3.5797e+05,10472,0
6962,3.5797e+05,10454,0
6963,3.5796e+05,10436,0
6964,3.5795e+05,10418,0
6965,3.5795e+05,10400,0
6966,3.5794e+05,10382,0
6967,3.5793e+05,10364,0
6968,3.5792e+05,10346,0
6969,3.5792e+05,10328,0
6970,3.5791e+05,10311,0
6971,3.579e+05,10293,0
6972,3.579e+05,10275,0
6973,3.5789e+05,10257,0
6974,3.5788e+05,10239,0
6975,3.5788e+05,10221,0
6976,3.5787e+05,10203,0
6977,3.5786e+05,10185,0
6978,3.5786e+05,10167,0
6979,3.5785e+05,10149,0
6980,3.5784e+05,10131,0
6981,3.5784e+05,10113,0
6982,3.5783e+05,10095,0
6983,3.5782e+05,10077,0
6984,3.5782e+05,10059,0
6985,3.5781e+05,10041,0
6986,3.578e+05,10023,0
6987,3.578e+05,10005,0
6988,3.5779e+05,9986.7,0
6989,3.5779e+05,9968.6,0
6990,3.5778e+05,9950.6,0
6991,3.5777e+05,9932.5,0
6992,3.5777e+05,9914.5,0
6993,3.5776e+05,9896.4,0
6994,3.5775e+05,9878.4,0
6995,3.5775e+05,9860.3,0
6996,3.5774e+05,9842.2,0
6997,3.5773e+05,9824.1,0
6998,3.5773e+05,9806,0
6999,3.5772e+05,9787.9,0
7000,3.5771e+05,9769.8,0
7001,3.5771e+05,9751.7,0
7002,3.577e+05,9733.6,0
7003,3.5769e+05,9715.5,0
7004,3.5769e+05,9697.4,0
7005,3.5768e+05,9679.2,0
7006,3.5768e+05,9661.1,0
7007,3.5767e+05,9643,0
7008,3.5766e+05,9624.8,0
7009,3.5766e+05,9606.7,0
7010,3.5765e+05,9588.5,0
7011,3.5764e+05,9570.4,0
7012,3.5764e+05,9552.2,0
7013,3.5763e+05,9534,0
7014,3.5763e+05,9515.9,0
7015,3.5762e+05,9497.7,0
7016,3.5761e+05,9479.5,0
7017,3.5761e+05,9461.3,0
7018,3.576e+05,9443.1,0
7019,3.5759e+05,9424.9,0
7020,3.5759e+05,9406.7,0
7021,3.5758e+05,9388.5,0
7022,3.5758e+05,9370.3,0
7023,3.5757e+05,9352.1,0
7024,3.5756e+05,9333.9,0
7025,3.5756e+05,9315.6,0
7026,3.5755e+05,9297.4,0
7027,3.5755e+05,9279.2,0
7028,3.5754e+05,9260.9,0
7029,3.5753e+05,9242.7,0
7030,3.5753e+05,9224.4,0
7031,3.5752e+05,9206.1,0
7032,3.5752e+05,9187.9,0
7033,3.5751e+05,9169.6,0
7034,3.575e+05,9151.3,0
7035,3.575e+05,9133.1,0
7036,3.5749e+05,9114.8,0
7037,3.5749e+05,9096.5,0
7038,3.5748e+05,9078.2,0
7039,3.5747e+05,9059.9,0
7040,3.5747e+05,9041.6,0
7041,3.5746e+05,9023.3,0
7042,3.5746e+05,9005,0
7043,3.5745e+05,8986.7,0
7044,3.5744e+05,8968.3,0
7045,3.5744e+05,8950,0
7046,3.5743e+05,8931.7,0
7047,3.5743e+05,8913.3,0
7048,3.5742e+05,8895,0
7049,3.5741e+05,8876.6,0
7050,3.5741e+05,8858.3,0
7051,3.574e+05,8839.9,0
7052,3.574e+05,8821.6,0
7053,3.5739e+05,8803.2,0
7054,3.5739e+05,8784.8,0
7055,3.5738e+05,8766.5,0
7056,3.5737e+05,8748.1,0
7057,3.5737e+05,8729.7,0
7058,3.5736e+05,8711.3,0
7059,3.5736e+05,8692.9,0
7060,3.5735e+05,8674.5,0
7061,3.5735e+05,8656.1,0
7062,3.5734e+05,8637.7,0
7063,3.5733e+05,8619.3,0
7064,3.5733e+05,8600.9,0
7065,3.5732e+05,8582.4,0
7066,3.5732e+05,8564,0
7067,3.5731e+05,8545.6,0
7068,3.5731e+05,8527.1,0
7069,3.573e+05,8508.7,0
7070,3.573e+05,8490.3,0
7071,3.5729e+05,8471.8,0
7072,3.5728e+05,8453.4,0
7073,3.5728e+05,8434.9,0
7074,3.5727e+05,8416.4,0
7075,3.5727e+05,8398,0
7076,3.5726e+05,8379.5,0
7077,3.5726e+05,8361,0
7078,3.5725e+05,8342.5,0
7079,3.5725e+05,8324,0
7080,3.5724e+05,8305.6,0
7081,3.5723e+05,8287.1,0
7082,3.5723e+05,8268.6,0
7083,3.5722e+05,8250.1,0
7084,3.5722e+05,8231.5,0
7085,3.5721e+05,8213,0
7086,3.5721e+05,8194.5,0
7087,3.572e+05,8176,0
7088,3.572e+05,8157.5,0
7089,3.5719e+05,8138.9,0
7090,3.5719e+05,8120.4,0
7091,3.5718e+05,8101.9,0
7092,3.5718e+05,8083.3,0
7093,3.5717e+05,8064.8,0
7094,3.5717e+05,8046.2,0
7095,3.5716e+05,8027.7,0
7096,3.5715e+05,8009.1,0
7097,3.5715e+05,7990.5,0
7098,3.5714e+05,7972,0
7099,3.5714e+05,7953.4,0
7100,3.5713e+05,7934.8,0
7101,3.5713e+05,7916.2,0
7102,3.5712e+05,7897.6,0
7103,3.5712e+05,7879,0
7104,3.5711e+05,7860.5,0
7105,3.5711e+05,7841.9,0
7106,3.571e+05,7823.2,0
7107,3.571e+05,7804.6,0
7108,3.5709e+05,7786,0
7109,3.5709e+05,7767.4,0
7110,3.5708e+05,7748.8,0
7111,3.5708e+05,7730.2,0
7112,3.5707e+05,7711.5,0
7113,3.5707e+05,7692.9,0
7114,3.5706e+05,7674.3,0
7115,3.5706e+05,7655.6,0
7116,3.5705e+05,7637,0
7117,3.5705e+05,7618.3,0
7118,3.5704e+05,7599.7,0
7119,3.5704e+05,7581,0
7120,3.5703e+05,7562.3,0
7121,3.5703e+05,7543.7,0
7122,3.5702e+05,7525,0
7123,3.5702e+05,7506.3,0
7124,3.5701e+05,7487.7,0
7125,3.5701e+05,7469,0
7126,3.57e+05,7450.3,0
7127,3.57e+05,7431.6,0
7128,3.5699e+05,7412.9,0
7129,3.5699e+05,7394.2,0
7130,3.5698e+05,7375.5,0
7131,3.5698e+05,7356.8,0
7132,3.5697e+05,7338.1,0
7133,3.5697e+05,7319.4,0
7134,3.5696e+05,7300.6,0
7135,3.5696e+05,7281.9,0
7136,3.5695e+05,7263.2,0
7137,3.5695e+05,7244.5,0
7138,3.5695e+05,7225.7,0
7139,3.5694e+05,7207,0
7140,3.5694e+05,7188.3,0
7141,3.5693e+05,7169.5,0
7142,3.5693e+05,7150.8,0
7143,3.5692e+05,7132,0
7144,3.5692e+05,7113.2,0
7145,3.5691e+05,7094.5,0
7146,3.5691e+05,7075.7,0
7147,3.569e+05,7056.9,0
7148,3.569e+05,7038.2,0
7149,3.5689e+05,7019.4,0
7150,3.5689e+05,7000.6,0
7151,3.5688e+05,6981.8,0
7152,3.5688e+05,6963,0
7153,3.5688e+05,6944.2,0
7154,3.5687e+05,6925.5,0
7155,3.5687e+05,6906.7,0
7156,3.5686e+05,6887.9,0
7157,3.5686e+05,6869,0
7158,3.5685e+05,6850.2,0
7159,3.5685e+05,6831.4,0
7160,3.5684e+05,6812.6,0
7161,3.5684e+05,6793.8,0
7162,3.5684e+05,6775,0
7163,3.5683e+05,6756.1,0
7164,3.5683e+05,6737.3,0
7165,3.5682e+05,6718.5,0
7166,3.5682e+05,6699.6,0
7167,3.5681e+05,6680.8,0
7168,3.5681e+05,6661.9,0
7169,3.568e+05,6643.1,0
7170,3.568e+05,6624.2,0
7171,3.568e+05,6605.4,0
7172,3.5679e+05,6586.5,0
7173,3.5679e+05,6567.6,0
7174,3.5678e+05,6548.8,0
7175,3.5678e+05,6529.9,0
7176,3.5677e+05,6511,0
7177,3.5677e+05,6492.1,0
7178,3.5677e+05,6473.2,0
7179,3.5676e+05,6454.4,0
7180,3.5676e+05,6435.5,0
7181,3.5675e+05,6416.6,0
7182,3.5675e+05,6397.7,0
7183,3.5674e+05,6378.8,0
7184,3.5674e+05,6359.9,0
7185,3.5674e+05,6341,0
7186,3.5673e+05,6322.1,0
7187,3.5673e+05,6303.1,0
7188,3.5672e+05,6284.2,0
7189,3.5672e+05,6265.3,0
7190,3.5672e+05,6246.4,0
7191,3.5671e+05,6227.5,0
7192,3.5671e+05,6208.5,0
7193,3.567e+05,6189.6,0
7194,3.567e+05,6170.6,0
7195,3.567e+05,6151.7,0
7196,3.5669e+05,6132.8,0
7197,3.5669e+05,6113.8,0
7198,3.5668e+05,6094.9,0
7199,3.5668e+05,6075.9,0
7200,3.5668e+05,6057,0
7201,3.5667e+05,6038,0
7202,3.5667e+05,6019,0
7203,3.5666e+05,6000.1,0
7204,3.5666e+05,5981.1,0
7205,3.5666e+05,5962.1,0
7206,3.5665e+05,5943.1,0
7207,3.5665e+05,5924.2,0
7208,3.5664e+05,5905.2,0
7209,3.5664e+05,5886.2,0
7210,3.5664e+05,5867.2,0
7211,3.5663e+05,5848.2,0
7212,3.5663e+05,5829.2,0
7213,3.5663e+05,5810.2,0
7214,3.5662e+05,5791.2,0
7215,3.5662e+05,5772.2,0
7216,3.5661e+05,5753.2,0
7217,3.5661e+05,5734.2,0
7218,3.5661e+05,5715.2,0
7219,3.566e+05,5696.1,0
7220,3.566e+05,5677.1,0
7221,3.566e+05,5658.1,0
7222,3.5659e+05,5639.1,0
7223,3.5659e+05,5620,0
7224,3.5658e+05,5601,0
7225,3.5658e+05,5582,0
7226,3.5658e+05,5562.9,0
7227,3.5657e+05,5543.9,0
7228,3.5657e+05,5524.8,0
7229,3.5657e+05,5505.8,0
7230,3.5656e+05,5486.7,0
7231,3.5656e+05,5467.7,0
7232,3.5656e+05,5448.6,0
7233,3.5655e+05,5429.6,0
7234,3.5655e+05,5410.5,0
7235,3.5654e+05,5391.4,0
7236,3.5654e+05,5372.4,0
7237,3.5654e+05,5353.3,0
7238,3.5653e+05,5334.2,0
7239,3.5653e+05,5315.1,0
7240,3.5653e+05,5296.1,0
7241,3.5652e+05,5277,0
7242,3.5652e+05,5257.9,0
7243,3.5652e+05,5238.8,0
7244,3.5651e+05,5219.7,0
7245,3.5651e+05,5200.6,0
7246,3.5651e+05,5181.5,0
7247,3.565e+05,5162.4,0
7248,3.565e+05,5143.3,0
7249,3.565e+05,5124.2,0
7250,3.5649e+05,5105.1,0
7251,3.5649e+05,5086,0
7252,3.5649e+05,5066.9,0
7253,3.5648e+05,5047.7,0
7254,3.5648e+05,5028.6,0
7255,3.5648e+05,5009.5,0
7256,3.5647e+05,4990.4,0
7257,3.5647e+05,4971.2,0
7258,3.5647e+05,4952.1,0
7259,3.5646e+05,4933,0
7260,3.5646e+05,4913.8,0
7261,3.5646e+05,4894.7,0
7262,3.5645e+05,4875.6,0
7263,3.5645e+05,4856.4,0
7264,3.5645e+05,4837.3,0
7265,3.5644e+05,4818.1,0
7266,3.5644e+05,4799,0
7267,3.5644e+05,4779.8,0
7268,3.5643e+05,4760.6,0
7269,3.5643e+05,4741.5,0
7270,3.5643e+05,4722.3,0
7271,3.5643e+05,4703.2,0
7272,3.5642e+05,4684,0
7273,3.5642e+05,4664.8,0
7274,3.5642e+05,4645.6,0
7275,3.5641e+05,4626.5,0
7276,3.5641e+05,4607.3,0
7277,3.5641e+05,4588.1,0
7278,3.564e+05,4568.9,0
7279,3.564e+05,4549.7,0
7280,3.564e+05,4530.6,0
7281,3.564e+05,4511.4,0
7282,3.5639e+05,4492.2,0
7283,3.5639e+05,4473,0
7284,3.5639e+05,4453.8,0
7285,3.5638e+05,4434.6,0
7286,3.5638e+05,4415.4,0
7287,3.5638e+05,4396.2,0
7288,3.5638e+05,4377,0
7289,3.5637e+05,4357.8,0
7290,3.5637e+05,4338.5,0
7291,3.5637e+05,4319.3,0
7292,3.5636e+05,4300.1,0
7293,3.5636e+05,4280.9,0
7294,3.5636e+05,4261.7,0
7295,3.5636e+05,4242.4,0
7296,3.5635e+05,4223.2,0
7297,3.5635e+05,4204,0
7298,3.5635e+05,4184.8,0
7299,3.5634e+05,4165.5,0
7300,3.5634e+05,4146.3,0
7301,3.5634e+05,4127.1,0
7302,3.5634e+05,4107.8,0
7303,3.5633e+05,4088.6,0
7304,3.5633e+05,4069.3,0
7305,3.5633e+05,4050.1,0
7306,3.5633e+05,4030.8,0
7307,3.5632e+05,4011.6,0
7308,3.5632e+05,3992.3,0
7309,3.5632e+05,3973.1,0
7310,3.5632e+05,3953.8,0
7311,3.5631e+05,3934.6,0
7312,3.5631e+05,3915.3,0
7313,3.5631e+05,3896,0
7314,3.563e+05,3876.8,0
7315,3.563e+05,3857.5,0
7316,3.563e+05,3838.2,0
7317,3.563e+05,3818.9,0
7318,3.5629e+05,3799.7,0
7319,3.5629e+05,3780.4,0
7320,3.5629e+05,3761.1,0
7321,3.5629e+05,3741.8,0
7322,3.5629e+05,3722.6,0
7323,3.5628e+05,3703.3,0
7324,3.5628e+05,3684,0
7325,3.5628e+05,3664.7,0
7326,3.5628e+05,3645.4,0
7327,3.5627e+05,3626.1,0
7328,3.5627e+05,3606.8,0
7329,3.5627e+05,3587.5,0
7330,3.5627e+05,3568.2,0
7331,3.5626e+05,3548.9,0
7332,3.5626e+05,3529.6,0
7333,3.5626e+05,3510.3,0
7334,3.5626e+05,3491,0
7335,3.5625e+05,3471.7,0
7336,3.5625e+05,3452.4,0
7337,3.5625e+05,3433.1,0
7338,3.5625e+05,3413.8,0
7339,3.5625e+05,3394.5,0
7340,3.5624e+05,3375.1,0
7341,3.5624e+05,3355.8,0
7342,3.5624e+05,3336.5,0
7343,3.5624e+05,3317.2,0
7344,3.5623e+05,3297.8,0
7345,3.5623e+05,3278.5,0
7346,3.5623e+05,3259.2,0
7347,3.5623e+05,3239.9,0
7348,3.5623e+05,3220.5,0
7349,3.5622e+05,3201.2,0
7350,3.5622e+05,3181.9,0
7351,3.5622e+05,3162.5,0
7352,3.5622e+05,3143.2,0
7353,3.5622e+05,3123.8,0
7354,3.5621e+05,3104.5,0
7355,3.5621e+05,3085.2,0
7356,3.5621e+05,3065.8,0
7357,3.5621e+05,3046.5,0
7358,3.5621e+05,3027.1,0
7359,3.562e+05,3007.8,0
7360,3.562e+05,2988.4,0
7361,3.562e+05,2969.1,0
7362,3.562e+05,2949.7,0
7363,3.562e+05,2930.4,0
7364,3.5619e+05,2911,0
7365,3.5619e+05,2891.6,0
7366,3.5619e+05,2872.3,0
7367,3.5619e+05,2852.9,0
7368,3.5619e+05,2833.5,0
7369,3.5618e+05,2814.2,0
7370,3.5618e+05,2794.8,0
7371,3.5618e+05,2775.4,0
7372,3.5618e+05,2756.1,0
7373,3.5618e+05,2736.7,0
7374,3.5618e+05,2717.3,0
7375,3.5617e+05,2697.9,0
7376,3.5617e+05,2678.6,0
7377,3.5617e+05,2659.2,0
7378,3.5617e+05,2639.8,0
7379,3.5617e+05,2620.4,0
7380,3.5617e+05,2601,0
7381,3.5616e+05,2581.7,0
7382,3.5616e+05,2562.3,0
7383,3.5616e+05,2542.9,0
7384,3.5616e+05,2523.5,0
7385,3.5616e+05,2504.1,0
7386,3.5616e+05,2484.7,0
7387,3.5615e+05,2465.3,0
7388,3.5615e+05,2445.9,0
7389,3.5615e+05,2426.5,0
7390,3.5615e+05,2407.1,0
7391,3.5615e+05,2387.7,0
7392,3.5615e+05,2368.3,0
7393,3.5614e+05,2348.9,0
7394,3.5614e+05,2329.5,0
7395,3.5614e+05,2310.1,0
7396,3.5614e+05,2290.7,0
7397,3.5614e+05,2271.3,0
7398,3.5614e+05,2251.9,0
7399,3.5614e+05,2232.5,0
7400,3.5613e+05,2213.1,0
7401,3.5613e+05,2193.7,0
7402,3.5613e+05,2174.3,0
7403,3.5613e+05,2154.9,0
7404,3.5613e+05,2135.5,0
7405,3.5613e+05,2116,0
7406,3.5613e+05,2096.6,0
7407,3.5612e+05,2077.2,0
7408,3.5612e+05,2057.8,0
7409,3.5612e+05,2038.4,0
7410,3.5612e+05,2019,0
7411,3.5612e+05,1999.5,0
7412,3.5612e+05,1980.1,0
7413,3.5612e+05,1960.7,0
7414,3.5611e+05,1941.3,0
7415,3.5611e+05,1921.8,0
7416,3.5611e+05,1902.4,0
7417,3.5611e+05,1883,0
7418,3.5611e+05,1863.6,0
7419,3.5611e+05,1844.1,0
7420,3.5611e+05,1824.7,0
7421,3.5611e+05,1805.3,0
7422,3.561e+05,1785.8,0
7423,3.561e+05,1766.4,0
7424,3.561e+05,1747,0
7425,3.561e+05,1727.5,0
7426,3.561e+05,1708.1,0
7427,3.561e+05,1688.7,0
7428,3.561e+05,1669.2,0
7429,3.561e+05,1649.8,0
7430,3.561e+05,1630.3,0
7431,3.5609e+05,1610.9,0
7432,3.5609e+05,1591.4,0
7433,3.5609e+05,1572,0
7434,3.5609e+05,1552.6,0
7435,3.5609e+05,1533.1,0
7436,3.5609e+05,1513.7,0
7437,3.5609e+05,1494.2,0
7438,3.5609e+05,1474.8,0
7439,3.5609e+05,1455.3,0
7440,3.5609e+05,1435.9,0
7441,3.5608e+05,1416.4,0
7442,3.5608e+05,1397,0
7443,3.5608e+05,1377.5,0
7444,3.5608e+05,1358.1,0
7445,3.5608e+05,1338.6,0
7446,3.5608e+05,1319.2,0
7447,3.5608e+05,1299.7,0
7448,3.5608e+05,1280.3,0
7449,3.5608e+05,1260.8,0
7450,3.5608e+05,1241.4,0
7451,3.5608e+05,1221.9,0
7452,3.5608e+05,1202.4,0
7453,3.5607e+05,1183,0
7454,3.5607e+05,1163.5,0
7455,3.5607e+05,1144.1,0
7456,3.5607e+05,1124.6,0
7457,3.5607e+05,1105.1,0
7458,3.5607e+05,1085.7,0
7459,3.5607e+05,1066.2,0
7460,3.5607e+05,1046.8,0
7461,3.5607e+05,1027.3,0
7462,3.5607e+05,1007.8,0
7463,3.5607e+05,988.36,0
7464,3.5607e+05,968.9,0
7465,3.5607e+05,949.43,0
7466,3.5607e+05,929.97,0
7467,3.5607e+05,910.5,0
7468,3.5606e+05,891.03,0
7469,3.5606e+05,871.57,0
7470,3.5606e+05,852.1,0
7471,3.5606e+05,832.63,0
7472,3.5606e+05,813.16,0
7473,3.5606e+05,793.69,0
7474,3.5606e+05,774.22,0
7475,3.5606e+05,754.75,0
7476,3.5606e+05,735.28,0
7477,3.5606e+05,715.81,0
7478,3.5606e+05,696.34,0
7479,3.5606e+05,676.87,0
7480,3.5606e+05,657.4,0
7481,3.5606e+05,637.93,0
7482,3.5606e+05,618.45,0
7483,3.5606e+05,598.98,0
7484,3.5606e+05,579.51,0
7485,3.5606e+05,560.03,0
7486,3.5606e+05,540.56,0
7487,3.5606e+05,521.09,0
7488,3.5606e+05,501.61,0
7489,3.5606e+05,482.14,0
7490,3.5605e+05,462.66,0
7491,3.5605e+05,443.19,0
7492,3.5605e+05,423.71,0
7493,3.5605e+05,404.23,0
7494,3.5605e+05,384.76,0
7495,3.5605e+05,365.28,0
7496,3.5605e+05,345.81,0
7497,3.5605e+05,326.33,0
7498,3.5605e+05,306.85,0
7499,3.5605e+05,287.38,0
7500,3.5605e+05,267.9,0
7501,3.5605e+05,248.42,0
7502,3.5605e+05,228.94,0
7503,3.5605e+05,209.47,0
7504,3.5605e+05,189.99,0
7505,3.5605e+05,170.51,0
7506,3.5605e+05,151.03,0
7507,3.5605e+05,131.56,0
7508,3.5605e+05,112.08,0
7509,3.5605e+05,92.601,0
7510,3.5605e+05,73.123,0
7511,3.5605e+05,53.645,0
7512,3.5605e+05,34.167,0
7513,3.5605e+05,14.689,0
